0.878329	14.643000
0.878723	14.743000
0.878460	14.843000
0.878265	14.943000
0.878154	15.043000
0.878008	15.143000
0.877790	15.243000
0.877480	15.343000
0.877160	15.443000
0.876790	15.543000
0.876447	15.643000
0.876237	15.743000
0.876031	15.843000
0.875802	15.943000
0.875541	16.043000
0.875390	16.143000
0.875265	16.243000
0.875011	16.343000
0.874800	16.443000
0.874531	16.543000
0.874223	16.643000
0.873934	16.743000
0.873722	16.843000
0.873585	16.943000
0.873351	17.043000
0.873070	17.143000
0.872899	17.243000
0.872610	17.343000
0.872396	17.443000
0.872169	17.543000
0.871921	17.643000
0.871739	17.743000
0.871564	17.843000
0.871329	17.943000
0.858617	18.043000
0.826385	18.143000
0.800666	18.243000
0.783218	18.343000
0.771386	18.443000
0.763746	18.543000
0.758714	18.643000
0.755432	18.743000
0.753375	18.843000
0.751933	18.943000
0.751100	19.043000
0.750611	19.143000
0.750318	19.244000
0.750171	19.343000
0.750131	19.443000
0.750077	19.543000
0.750225	19.643000
0.750259	19.743000
0.750384	19.843000
0.750510	19.943000
0.750550	20.043000
0.750597	20.143000
0.750706	20.243000
0.750809	20.343000
0.750941	20.443000
0.750976	20.543000
0.751055	20.643000
0.751150	20.743000
0.751240	20.843000
0.751339	20.943000
0.751450	21.043000
0.751469	21.143000
0.751506	21.243000
0.751583	21.343000
0.751677	21.443000
0.751766	21.543000
0.751784	21.643000
0.749409	21.743000
0.728732	21.843000
0.705896	21.943000
0.690019	22.043000
0.679377	22.143000
0.672322	22.243000
0.667809	22.343000
0.664824	22.443000
0.662955	22.543000
0.661835	22.643000
0.661142	22.743000
0.660789	22.843000
0.660675	22.943000
0.660680	23.043000
0.660790	23.143000
0.660914	23.243000
0.661069	23.343000
0.661290	23.443000
0.661444	23.543000
0.661681	23.643000
0.661929	23.743000
0.662129	23.843000
0.662370	23.943000
0.662517	24.043000
0.662697	24.143000
0.662923	24.243000
0.663054	24.343000
0.663256	24.443000
0.663465	24.543000
0.663629	24.643000
0.663867	24.743000
0.664029	24.843000
0.664229	24.943000
0.664410	25.043000
0.664564	25.143000
0.664703	25.243000
0.664915	25.343000
0.665060	25.443000
0.665242	25.543000
0.665413	25.643000
0.665567	25.743000
0.665772	25.843000
0.665909	25.943000
0.666051	26.043000
0.666233	26.143000
0.666332	26.243000
0.661379	26.343000
0.642276	26.443000
0.625579	26.543000
0.614333	26.643000
0.606712	26.743000
0.601795	26.843000
0.598708	26.943000
0.596633	27.043000
0.595475	27.143000
0.594770	27.244000
0.594364	27.343000
0.594264	27.443000
0.594282	27.543000
0.594325	27.643000
0.594497	27.743000
0.594667	27.843000
0.594904	27.943000
0.595070	28.043000
0.595306	28.143000
0.595574	28.243000
0.595838	28.343000
0.596076	28.443000
0.596360	28.543000
0.596570	28.643000
0.596821	28.743000
0.597118	28.843000
0.597335	28.943000
0.597571	29.043000
0.597790	29.143000
0.598020	29.243000
0.598265	29.343000
0.598494	29.443000
0.598731	29.543000
0.598975	29.643000
0.599099	29.743000
0.599333	29.843000
0.599578	29.943000
0.599777	30.043000
0.599994	30.143000
0.600196	30.243000
0.600372	30.343000
0.600621	30.443000
0.600780	30.543000
0.600996	30.643000
0.601218	30.743000
0.601330	30.843000
0.600953	30.943000
0.589778	31.043000
0.574095	31.143000
0.562860	31.243000
0.555286	31.343000
0.550318	31.443000
0.547110	31.543000
0.545034	31.643000
0.543840	31.743000
0.543105	31.843000
0.542713	31.943000
0.542589	32.043000
0.542555	32.143000
0.542635	32.243000
0.542779	32.343000
0.542944	32.443000
0.543203	32.543000
0.543473	32.643000
0.543701	32.743000
0.543966	32.843000
0.544222	32.943000
0.544506	33.043000
0.544791	33.143000
0.544989	33.243000
0.545264	33.343000
0.545524	33.443000
0.545735	33.543000
0.546052	33.643000
0.546252	33.743000
0.546436	33.843000
0.546722	33.943000
0.546904	34.043000
0.547193	34.143000
0.547432	34.243000
0.547600	34.343000
0.547837	34.443000
0.548048	34.543000
0.548316	34.643000
0.548553	34.743000
0.548748	34.843000
0.548968	34.943000
0.549268	35.043000
0.549399	35.143000
0.549662	35.243000
0.549591	35.343000
0.541453	35.443000
0.527995	35.543000
0.518063	35.643000
0.511407	35.743000
0.507081	35.843000
0.504309	35.943000
0.502584	36.043000
0.501512	36.143000
0.500894	36.243000
0.500655	36.343000
0.500463	36.443000
0.500523	36.543000
0.500721	36.643000
0.500802	36.743000
0.501012	36.843000
0.501258	36.943000
0.501452	37.043000
0.501720	37.143000
0.501926	37.243000
0.502206	37.343000
0.502480	37.443000
0.502730	37.543000
0.502978	37.643000
0.503225	37.743000
0.503425	37.843000
0.503686	37.943000
0.503947	38.043000
0.504175	38.143000
0.504421	38.243000
0.504599	38.343000
0.504881	38.443000
0.505115	38.543000
0.505341	38.643000
0.505577	38.743000
0.505761	38.843000
0.506013	38.943000
0.506277	39.043000
0.506474	39.143000
0.506702	39.243000
0.506959	39.343000
0.507054	39.443000
0.501033	39.543000
0.489379	39.643000
0.480697	39.743000
0.474874	39.843000
0.470944	39.943000
0.468557	40.043000
0.467059	40.143000
0.466094	40.243000
0.465580	40.343000
0.465309	40.443000
0.465220	40.543000
0.465276	40.643000
0.465341	40.743000
0.465563	40.843000
0.465791	40.943000
0.465947	41.043000
0.466201	41.143000
0.466403	41.243000
0.466632	41.343000
0.466943	41.443000
0.467131	41.543000
0.467411	41.643000
0.467679	41.743000
0.467873	41.843000
0.468146	41.943000
0.468414	42.043000
0.468599	42.143000
0.468860	42.243000
0.469067	42.343000
0.469302	42.443000
0.469553	42.543000
0.469766	42.643000
0.470029	42.743000
0.470231	42.843000
0.470369	42.943000
0.470638	43.043000
0.470872	43.143000
0.471075	43.243000
0.471325	43.343000
0.471523	43.443000
0.471723	43.543000
0.471880	43.643000
0.471983	43.743000
0.466550	43.843000
0.456442	43.943000
0.448975	44.043000
0.444003	44.143000
0.440650	44.243000
0.438621	44.343000
0.437367	44.443000
0.436579	44.543000
0.436169	44.643000
0.435969	44.743000
0.435870	44.843000
0.435998	44.943000
0.436119	45.043000
0.436248	45.143000
0.436463	45.243000
0.436671	45.343000
0.436941	45.443000
0.437127	45.543000
0.437304	45.643000
0.437532	45.743000
0.437756	45.843000
0.437971	45.943000
0.438252	46.043000
0.438459	46.143000
0.438643	46.243000
0.438847	46.343000
0.439055	46.443000
0.439312	46.543000
0.439508	46.643000
0.439698	46.743000
0.439988	46.843000
0.440193	46.943000
0.440408	47.043000
0.440565	47.143000
0.440755	47.243000
0.441020	47.343000
0.441243	47.443000
0.441411	47.543000
0.441663	47.643000
0.441853	47.743000
0.442058	47.843000
0.442246	47.943000
0.442405	48.043000
0.442632	48.143000
0.442825	48.243000
0.442996	48.343000
0.443227	48.443000
0.439614	48.543000
0.430720	48.643000
0.423768	48.743000
0.419084	48.843000
0.415984	48.943000
0.414031	49.043000
0.412800	49.143000
0.412102	49.243000
0.411713	49.343000
0.411488	49.443000
0.411453	49.543000
0.411488	49.643000
0.411632	49.743000
0.411749	49.843000
0.411896	49.943000
0.412107	50.043000
0.412309	50.143000
0.412503	50.243000
0.412743	50.343000
0.412965	50.443000
0.413240	50.543000
0.413393	50.643000
0.413496	50.743000
0.413742	50.843000
0.413954	50.943000
0.414155	51.043000
0.414394	51.143000
0.414544	51.243000
0.414788	51.343000
0.414994	51.443000
0.415155	51.543000
0.415427	51.643000
0.415604	51.743000
0.415767	51.843000
0.416036	51.943000
0.416183	52.043000
0.416384	52.143000
0.416579	52.243000
0.416718	52.343000
0.416943	52.443000
0.417153	52.543000
0.417327	52.643000
0.416596	52.743000
0.409890	52.843000
0.402715	52.943000
0.397739	53.043000
0.394364	53.143000
0.392220	53.243000
0.390841	53.343000
0.389987	53.443000
0.389593	53.543000
0.389351	53.643000
0.389267	53.743000
0.389305	53.843000
0.389351	53.943000
0.389437	54.043000
0.389617	54.143000
0.389777	54.243000
0.390035	54.343000
0.390239	54.443000
0.390428	54.543000
0.390584	54.643000
0.390737	54.743000
0.390954	54.843000
0.391142	54.943000
0.391311	55.043000
0.391545	55.143000
0.391771	55.243000
0.391942	55.343000
0.392162	55.443000
0.392289	55.543000
0.392505	55.643000
0.392694	55.743000
0.392862	55.843000
0.393082	55.943000
0.393286	56.043000
0.393477	56.143000
0.393683	56.243000
0.393840	56.343000
0.394037	56.443000
0.394229	56.543000
0.394361	56.643000
0.394537	56.743000
0.394692	56.843000
0.394816	56.943000
0.395048	57.043000
0.395214	57.143000
0.395392	57.243000
0.395582	57.343000
0.395741	57.443000
0.395657	57.543000
0.390873	57.643000
0.384029	57.743000
0.379121	57.843000
0.375787	57.943000
0.373612	58.043000
0.372329	58.143000
0.371507	58.243000
0.371009	58.343000
0.370757	58.443000
0.370676	58.543000
0.370705	58.643000
0.370716	58.743000
0.370801	58.843000
0.370999	58.943000
0.371104	59.043000
0.371282	59.143000
0.371490	59.243000
0.371579	59.343000
0.371787	59.443000
0.371939	59.543000
0.372172	59.643000
0.372368	59.743000
0.372550	59.843000
0.372723	59.943000
0.372917	60.043000
0.373046	60.143000
0.373288	60.243000
0.373454	60.343000
0.373610	60.443000
0.373817	60.543000
0.373938	60.643000
0.374103	60.743000
0.374298	60.843000
0.374404	60.943000
0.374652	61.043000
0.374798	61.143000
0.374986	61.243000
0.375195	61.343000
0.375305	61.443000
0.375497	61.543000
0.375661	61.643000
0.375791	61.743000
0.375951	61.843000
0.376096	61.943000
0.376281	62.043000
0.375723	62.143000
0.370330	62.243000
0.364477	62.343000
0.360493	62.443000
0.357793	62.543000
0.356036	62.643000
0.354946	62.743000
0.354219	62.843000
0.353914	62.943000
0.353710	63.043000
0.353595	63.143000
0.353693	63.243000
0.353777	63.343000
0.353874	63.443000
0.353991	63.543000
0.354098	63.643000
0.354285	63.743000
0.354483	63.843000
0.354644	63.943000
0.354853	64.043000
0.354990	64.143000
0.355168	64.243000
0.355340	64.343000
0.355500	64.443000
0.355685	64.543000
0.355805	64.643000
0.355957	64.743000
0.356147	64.843000
0.356306	64.943000
0.356419	65.043000
0.356600	65.143000
0.356713	65.243000
0.356914	65.343000
0.357039	65.443000
0.357138	65.543000
0.357374	65.643000
0.357522	65.743000
0.357696	65.843000
0.357861	65.943000
0.357990	66.043000
0.358116	66.143000
0.358308	66.243000
0.358391	66.343000
0.358573	66.443000
0.358761	66.543000
0.358849	66.643000
0.359026	66.743000
0.359094	66.843000
0.356074	66.943000
0.350409	67.043000
0.346065	67.143000
0.343203	67.243000
0.341351	67.343000
0.340098	67.443000
0.339389	67.543000
0.338914	67.643000
0.338724	67.743000
0.338598	67.843000
0.338569	67.943000
0.338688	68.043000
0.338760	68.143000
0.338851	68.243000
0.338994	68.343000
0.339070	68.443000
0.339285	68.543000
0.339464	68.643000
0.339591	68.743000
0.339805	68.843000
0.339916	68.943000
0.340046	69.043000
0.340173	69.143000
0.340286	69.243000
0.340425	69.343000
0.340602	69.443000
0.340732	69.543000
0.340935	69.643000
0.341118	69.743000
0.341238	69.843000
0.341451	69.943000
0.341564	70.043000
0.341665	70.143000
0.341822	70.243000
0.341925	70.343000
0.342079	70.443000
0.342251	70.543000
0.342366	70.643000
0.342590	70.743000
0.342683	70.843000
0.342787	70.943000
0.342966	71.043000
0.343077	71.143000
0.343198	71.243000
0.343327	71.343000
0.343457	71.443000
0.343688	71.543000
0.343838	71.643000
0.343964	71.743000
0.344085	71.843000
0.343994	71.943000
0.340573	72.043000
0.335511	72.143000
0.331749	72.243000
0.329241	72.343000
0.327577	72.443000
0.326586	72.543000
0.326025	72.643000
0.325599	72.743000
0.325399	72.843000
0.325358	72.943000
0.325356	73.043000
0.325419	73.143000
0.325460	73.243000
0.325528	73.343000
0.325770	73.443000
0.325853	73.543000
0.325972	73.643000
0.326137	73.743000
0.326221	73.843000
0.326357	73.943000
0.326534	74.043000
0.326639	74.143000
0.326809	74.243000
0.326939	74.343000
0.327101	74.443000
0.327229	74.543000
0.327349	74.643000
0.327506	74.743000
0.327673	74.843000
0.327757	74.943000
0.327931	75.043000
0.328047	75.143000
0.328131	75.243000
0.328288	75.343000
0.328378	75.443000
0.328559	75.543000
0.328744	75.643000
0.328849	75.743000
0.329016	75.843000
0.329126	75.943000
0.329192	76.043000
0.329344	76.143000
0.329504	76.243000
0.329645	76.343000
0.329808	76.443000
0.329897	76.543000
0.330060	76.643000
0.330152	76.743000
0.330254	76.843000
0.330408	76.943000
0.330468	77.043000
0.330605	77.143000
0.330747	77.243000
0.330863	77.343000
0.331046	77.443000
0.331184	77.543000
0.331299	77.643000
0.331460	77.743000
0.331526	77.843000
0.331635	77.943000
0.331768	78.043000
0.331008	78.143000
0.326593	78.243000
0.322320	78.343000
0.319327	78.443000
0.317343	78.543000
0.316078	78.643000
0.315241	78.743000
0.314745	78.843000
0.314462	78.943000
0.314345	79.043000
0.314300	79.143000
0.314345	79.243000
0.314384	79.343000
0.314456	79.443000
0.314525	79.543000
0.314689	79.643000
0.314763	79.743000
0.314920	79.843000
0.315106	79.943000
0.315241	80.043000
0.315394	80.143000
0.315459	80.243000
0.315551	80.343000
0.315717	80.443000
0.315802	80.543000
0.315893	80.643000
0.316055	80.743000
0.316181	80.843000
0.316382	80.943000
0.316514	81.043000
0.316624	81.143000
0.316745	81.243000
0.316810	81.343000
0.316957	81.443000
0.317119	81.543000
0.317140	81.643000
0.317263	81.743000
0.317372	81.843000
0.317479	81.943000
0.317614	82.043000
0.317805	82.143000
0.317881	82.243000
0.318080	82.343000
0.318216	82.443000
0.318296	82.543000
0.318411	82.643000
0.318531	82.743000
0.318645	82.843000
0.318702	82.943000
0.318775	83.043000
0.318933	83.143000
0.319029	83.243000
0.319151	83.343000
0.319278	83.443000
0.317516	83.543000
0.313166	83.643000
0.309550	83.743000
0.307093	83.843000
0.305496	83.943000
0.304437	84.043000
0.303847	84.143000
0.303525	84.243000
0.303306	84.343000
0.303244	84.443000
0.303151	84.543000
0.303177	84.643000
0.303296	84.743000
0.303334	84.843000
0.303427	84.943000
0.303552	85.043000
0.303627	85.143000
0.303806	85.243000
0.303944	85.343000
0.304087	85.443000
0.304245	85.543000
0.304336	85.643000
0.304426	85.743000
0.304535	85.843000
0.304606	85.943000
0.304764	86.043000
0.304903	86.143000
0.304976	86.243000
0.305070	86.343000
0.305153	86.443000
0.305337	86.543000
0.305460	86.643000
0.305502	86.743000
0.305725	86.843000
0.305782	86.943000
0.305866	87.043000
0.306009	87.143000
0.306100	87.243000
0.306266	87.343000
0.306401	87.443000
0.306492	87.543000
0.306626	87.643000
0.306723	87.743000
0.306817	87.843000
0.306917	87.943000
0.306374	88.043000
0.302789	88.143000
0.299083	88.243000
0.296459	88.343000
0.294730	88.443000
0.293686	88.543000
0.292973	88.643000
0.292550	88.743000
0.292311	88.843000
0.292193	88.943000
0.292177	89.043000
0.292182	89.143000
0.292229	89.243000
0.292308	89.343000
0.292356	89.443000
0.292444	89.543000
0.292539	89.643000
0.292627	89.743000
0.292787	89.843000
0.292890	89.943000
0.293026	90.043000
0.293118	90.143000
0.293205	90.243000
0.293323	90.343000
0.293413	90.443000
0.293519	90.543000
0.293653	90.643000
0.293753	90.743000
0.293892	90.843000
0.294052	90.943000
0.294115	91.043000
0.294211	91.143000
0.294302	91.243000
0.294383	91.343000
0.294529	91.443000
0.294593	91.543000
0.294751	91.643000
0.294876	91.743000
0.294969	91.843000
0.295080	91.943000
0.295203	92.043000
0.295258	92.143000
0.295369	92.243000
0.295449	92.343000
0.295535	92.443000
0.295656	92.543000
0.295700	92.643000
0.295825	92.743000
0.295902	92.843000
0.294017	92.943000
0.290271	93.043000
0.287374	93.143000
0.285409	93.243000
0.284128	93.343000
0.283337	93.443000
0.282799	93.543000
0.282509	93.643000
0.282293	93.743000
0.282255	93.843000
0.282233	93.943000
0.282227	94.043000
0.282319	94.143000
0.282430	94.243000
0.282537	94.343000
0.282643	94.443000
0.282642	94.543000
0.282781	94.643000
0.282849	94.743000
0.282973	94.843000
0.283143	94.943000
0.283225	95.043000
0.283313	95.143000
0.283451	95.243000
0.283552	95.343000
0.283668	95.443000
0.283751	95.543000
0.283809	95.643000
0.283927	95.743000
0.284029	95.843000
0.284136	95.943000
0.284310	96.043000
0.284367	96.143000
0.284488	96.243000
0.284549	96.343000
0.284210	96.443000
0.281377	96.543000
0.278108	96.643000
0.275884	96.743000
0.274385	96.843000
0.273350	96.943000
0.272833	97.043000
0.272455	97.143000
0.272212	97.243000
0.272156	97.343000
0.272092	97.443000
0.272081	97.543000
0.272199	97.643000
0.272246	97.743000
0.272312	97.843000
0.272442	97.943000
0.272455	98.043000
0.272588	98.143000
0.272645	98.243000
0.272744	98.343000
0.272872	98.443000
0.272913	98.543000
0.273054	98.643000
0.273194	98.743000
0.273219	98.843000
0.273340	98.944000
0.273441	99.044000
0.273525	99.143000
0.273661	99.243000
0.273734	99.343000
0.273837	99.443000
0.273980	99.543000
0.273928	99.643000
0.274069	99.743000
0.274189	99.843000
0.274254	99.943000
0.274069	100.043000
0.271565	100.143000
0.268574	100.243000
0.266488	100.343000
0.265025	100.443000
0.264096	100.543000
0.263572	100.643000
0.263161	100.743000
0.263082	100.843000
0.262923	100.943000
0.262861	101.043000
0.262932	101.143000
0.262955	101.243000
0.262993	101.344000
0.263065	101.443000
0.263097	101.543000
0.263209	101.643000
0.263320	101.743000
0.263401	101.843000
0.263517	101.943000
0.263570	102.043000
0.263700	102.143000
0.263801	102.243000
0.263838	102.343000
0.264008	102.443000
0.264121	102.543000
0.264202	102.643000
0.264321	102.743000
0.264359	102.843000
0.264409	102.943000
0.264522	103.043000
0.264593	103.143000
0.264726	103.243000
0.264840	103.343000
0.264888	103.443000
0.264965	103.543000
0.265067	103.643000
0.265103	103.743000
0.265198	103.843000
0.265293	103.943000
0.265373	104.043000
0.264918	104.143000
0.262206	104.243000
0.259673	104.343000
0.257837	104.443000
0.256634	104.543000
0.255850	104.643000
0.255312	104.743000
0.255019	104.843000
0.254862	104.943000
0.254795	105.043000
0.254777	105.143000
0.254773	105.243000
0.254834	105.343000
0.254945	105.443000
0.254974	105.543000
0.255054	105.643000
0.255137	105.743000
0.255175	105.843000
0.255318	105.943000
0.255453	106.043000
0.255453	106.143000
0.255534	106.243000
0.255598	106.343000
0.255687	106.443000
0.255828	106.543000
0.255846	106.643000
0.255987	106.743000
0.256065	106.843000
0.256129	106.943000
0.256263	107.043000
0.256294	107.143000
0.256367	107.243000
0.256467	107.343000
0.256479	107.443000
0.256580	107.543000
0.256712	107.643000
0.256812	107.743000
0.256947	107.843000
0.256972	107.943000
0.256995	108.043000
0.257091	108.143000
0.257119	108.243000
0.257189	108.343000
0.257242	108.443000
0.257397	108.543000
0.257488	108.643000
0.257503	108.743000
0.257423	108.843000
0.255441	108.943000
0.252748	109.043000
0.250890	109.143000
0.249675	109.243000
0.248810	109.343000
0.248288	109.443000
0.247969	109.543000
0.247731	109.643000
0.247677	109.743000
0.247578	109.843000
0.247630	109.943000
0.247648	110.043000
0.247656	110.143000
0.247770	110.243000
0.247802	110.343000
0.247899	110.443000
0.248088	110.543000
0.248087	110.643000
0.248165	110.743000
0.248280	110.843000
0.248312	110.943000
0.248414	111.043000
0.248507	111.143000
0.248534	111.243000
0.248648	111.343000
0.248802	111.443000
0.248858	111.543000
0.248881	111.643000
0.248939	111.743000
0.249055	111.843000
0.249177	111.943000
0.249221	112.043000
0.249311	112.143000
0.249368	112.243000
0.249427	112.343000
0.249534	112.443000
0.249645	112.543000
0.249659	112.643000
0.249781	112.743000
0.249849	112.843000
0.249944	112.943000
0.249965	113.043000
0.250029	113.143000
0.250182	113.243000
0.250242	113.343000
0.250351	113.443000
0.250409	113.543000
0.250448	113.643000
0.250532	113.743000
0.250614	113.843000
0.250605	113.943000
0.250704	114.043000
0.250777	114.143000
0.250830	114.243000
0.250998	114.343000
0.250998	114.443000
0.251061	114.543000
0.250735	114.643000
0.248535	114.743000
0.246224	114.843000
0.244544	114.943000
0.243395	115.043000
0.242649	115.143000
0.242175	115.243000
0.241926	115.343000
0.241722	115.443000
0.241656	115.543000
0.241689	115.643000
0.241674	115.743000
0.241686	115.843000
0.241693	115.943000
0.241743	116.043000
0.241869	116.143000
0.241992	116.243000
0.242001	116.343000
0.242095	116.443000
0.242166	116.543000
0.242220	116.643000
0.242293	116.743000
0.242358	116.843000
0.242450	116.943000
0.242555	117.043000
0.242619	117.143000
0.242631	117.243000
0.242735	117.343000
0.242827	117.443000
0.242967	117.543000
0.242996	117.643000
0.243089	117.743000
0.243165	117.843000
0.243183	117.943000
0.243284	118.043000
0.243344	118.143000
0.243379	118.243000
0.243462	118.343000
0.243549	118.443000
0.243587	118.543000
0.243651	118.643000
0.243692	118.743000
0.243802	118.843000
0.243871	118.943000
0.243899	119.043000
0.244040	119.143000
0.244120	119.243000
0.244164	119.343000
0.244213	119.443000
0.244254	119.543000
0.244346	119.643000
0.244457	119.743000
0.244421	119.843000
0.243086	119.943000
0.240662	120.043000
0.238827	120.143000
0.237616	120.243000
0.236793	120.343000
0.236278	120.443000
0.235961	120.543000
0.235719	120.643000
0.235616	120.743000
0.235535	120.843000
0.235551	120.943000
0.235567	121.043000
0.235560	121.143000
0.235693	121.243000
0.235731	121.343000
0.235756	121.443000
0.235863	121.543000
0.235945	121.643000
0.236019	121.743000
0.236072	121.843000
0.236112	121.943000
0.236192	122.043000
0.236285	122.143000
0.236336	122.243000
0.236432	122.343000
0.236415	122.443000
0.236466	122.543000
0.236588	122.643000
0.236623	122.743000
0.236732	122.843000
0.236827	122.943000
0.236850	123.043000
0.236936	123.143000
0.237008	123.243000
0.237059	123.343000
0.237162	123.443000
0.237195	123.543000
0.237290	123.643000
0.237338	123.743000
0.237353	123.843000
0.237420	123.943000
0.237495	124.043000
0.237579	124.143000
0.237675	124.243000
0.237698	124.343000
0.237776	124.443000
0.237905	124.543000
0.237913	124.643000
0.238000	124.743000
0.238072	124.843000
0.238100	124.943000
0.238191	125.043000
0.238190	125.143000
0.237252	125.243000
0.235057	125.343000
0.233141	125.443000
0.231919	125.543000
0.231074	125.643000
0.230513	125.743000
0.230211	125.843000
0.229971	125.943000
0.229844	126.043000
0.229832	126.143000
0.229781	126.243000
0.229854	126.343000
0.229937	126.443000
0.229907	126.543000
0.229978	126.643000
0.230013	126.743000
0.230044	126.843000
0.230123	126.943000
0.230204	127.043000
0.230315	127.143000
0.230369	127.243000
0.230394	127.343000
0.230484	127.443000
0.230526	127.543000
0.230564	127.643000
0.230639	127.743000
0.230666	127.843000
0.230759	127.943000
0.230887	128.043000
0.230843	128.143000
0.230921	128.243000
0.231015	128.343000
0.231096	128.443000
0.231200	128.543000
0.231259	128.643000
0.231261	128.743000
0.231407	128.843000
0.231410	128.943000
0.231548	129.043000
0.231567	129.143000
0.231564	129.243000
0.231610	129.343000
0.231644	129.443000
0.231712	129.543000
0.231794	129.643000
0.231826	129.743000
0.231952	129.843000
0.232019	129.943000
0.232048	130.043000
0.232155	130.143000
0.231979	130.243000
0.230316	130.343000
0.228342	130.443000
0.226839	130.543000
0.225834	130.643000
0.225165	130.743000
0.224725	130.843000
0.224484	130.943000
0.224305	131.043000
0.224213	131.143000
0.224201	131.243000
0.224191	131.343000
0.224286	131.443000
0.224343	131.543000
0.224363	131.643000
0.224351	131.743000
0.224418	131.843000
0.224427	131.943000
0.224527	132.043000
0.224548	132.143000
0.224661	132.243000
0.224763	132.343000
0.224810	132.443000
0.224863	132.543000
0.224907	132.643000
0.224898	132.743000
0.225010	132.843000
0.225038	132.943000
0.225119	133.043000
0.225227	133.143000
0.225243	133.243000
0.225329	133.343000
0.225401	133.443000
0.225382	133.543000
0.225494	133.643000
0.225513	133.743000
0.225580	133.843000
0.225677	133.943000
0.225740	134.043000
0.225841	134.143000
0.225875	134.243000
0.225855	134.343000
0.225964	134.443000
0.226015	134.543000
0.226046	134.643000
0.226147	134.743000
0.226164	134.843000
0.226230	134.943000
0.226341	135.043000
0.226399	135.143000
0.226447	135.243000
0.226440	135.343000
0.226473	135.443000
0.226459	135.543000
0.225092	135.643000
0.223151	135.743000
0.221691	135.843000
0.220623	135.943000
0.219973	136.043000
0.219565	136.143000
0.219254	136.243000
0.219173	136.343000
0.219083	136.443000
0.219019	136.543000
0.219046	136.643000
0.219051	136.743000
0.219123	136.843000
0.219118	136.943000
0.219165	137.043000
0.219249	137.143000
0.219308	137.243000
0.219357	137.343000
0.219406	137.443000
0.219515	137.543000
0.219581	137.643000
0.219619	137.743000
0.219683	137.843000
0.219725	137.943000
0.219742	138.043000
0.219795	138.143000
0.219857	138.243000
0.219902	138.343000
0.219950	138.443000
0.220045	138.543000
0.220088	138.643000
0.220123	138.743000
0.220206	138.843000
0.220250	138.943000
0.220344	139.043000
0.220393	139.143000
0.220434	139.243000
0.220461	139.343000
0.220497	139.443000
0.220589	139.543000
0.220640	139.643000
0.220660	139.743000
0.220784	139.844000
0.220774	139.944000
0.220852	140.043000
0.220932	140.143000
0.220930	140.243000
0.221008	140.343000
0.221072	140.443000
0.221120	140.543000
0.221195	140.643000
0.221208	140.743000
0.221198	140.843000
0.221283	140.943000
0.221335	141.043000
0.221385	141.143000
0.221463	141.243000
0.221539	141.343000
0.221156	141.443000
0.219308	141.543000
0.217633	141.643000
0.216442	141.743000
0.215649	141.843000
0.215126	141.943000
0.214781	142.043000
0.214544	142.143000
0.214447	142.243000
0.214394	142.343000
0.214365	142.443000
0.214405	142.543000
0.214410	142.643000
0.214419	142.743000
0.214436	142.843000
0.214452	142.943000
0.214568	143.043000
0.214617	143.143000
0.214666	143.243000
0.214706	143.343000
0.214711	143.443000
0.214799	143.543000
0.214861	143.643000
0.214883	143.743000
0.214973	143.843000
0.215049	143.943000
0.215070	144.043000
0.215180	144.143000
0.215192	144.243000
0.215200	144.343000
0.215261	144.443000
0.215288	144.543000
0.215392	144.643000
0.215446	144.743000
0.215537	144.843000
0.215626	144.943000
0.215634	145.043000
0.215653	145.143000
0.215705	145.243000
0.215755	145.343000
0.215808	145.443000
0.215820	145.543000
0.215866	145.643000
0.215954	145.743000
0.215996	145.843000
0.216063	145.943000
0.216104	146.043000
0.216084	146.143000
0.216164	146.243000
0.216226	146.343000
0.216293	146.443000
0.216410	146.543000
0.216400	146.643000
0.216432	146.743000
0.216487	146.843000
0.215923	146.943000
0.214183	147.043000
0.212599	147.143000
0.211466	147.243000
0.210796	147.343000
0.210317	147.443000
0.210023	147.543000
0.209864	147.643000
0.209745	147.743000
0.209680	147.843000
0.209706	147.943000
0.209710	148.043000
0.209748	148.143000
0.209819	148.243000
0.209814	148.343000
0.209913	148.443000
0.209888	148.543000
0.209905	148.643000
0.209940	148.743000
0.209979	148.843000
0.210065	148.943000
0.210127	149.043000
0.210181	149.143000
0.210246	149.243000
0.210250	149.343000
0.210304	149.443000
0.210381	149.543000
0.210461	149.644000
0.210508	149.743000
0.210503	149.843000
0.210543	149.943000
0.210635	150.043000
0.210643	150.143000
0.210688	150.243000
0.210755	150.343000
0.210767	150.443000
0.210816	150.543000
0.210883	150.643000
0.210882	150.743000
0.210980	150.843000
0.211073	150.943000
0.211057	151.043000
0.211162	151.143000
0.211176	151.243000
0.211228	151.343000
0.211265	151.443000
0.211284	151.543000
0.211380	151.643000
0.211400	151.743000
0.211440	151.843000
0.211511	151.943000
0.211543	152.043000
0.211572	152.143000
0.211614	152.243000
0.211636	152.343000
0.211735	152.443000
0.211771	152.543000
0.211787	152.644000
0.211864	152.743000
0.211856	152.843000
0.211554	152.943000
0.209966	153.043000
0.208413	153.143000
0.207354	153.243000
0.206624	153.343000
0.206148	153.443000
0.205851	153.543000
0.205636	153.643000
0.205545	153.743000
0.205518	153.843000
0.205433	153.943000
0.205476	154.043000
0.205529	154.143000
0.205549	154.243000
0.205594	154.343000
0.205626	154.443000
0.205649	154.543000
0.205702	154.643000
0.205734	154.743000
0.205846	154.843000
0.205929	154.943000
0.205950	155.043000
0.206044	155.143000
0.206075	155.243000
0.206100	155.343000
0.206110	155.443000
0.206093	155.543000
0.206128	155.643000
0.206230	155.743000
0.206240	155.843000
0.206252	155.943000
0.206323	156.043000
0.206381	156.143000
0.206426	156.243000
0.206418	156.343000
0.206472	156.443000
0.206529	156.543000
0.206544	156.643000
0.206603	156.743000
0.206643	156.843000
0.206643	156.943000
0.206732	157.043000
0.206765	157.143000
0.206801	157.243000
0.206815	157.343000
0.206876	157.443000
0.206967	157.543000
0.206993	157.643000
0.207011	157.743000
0.206970	157.843000
0.205735	157.943000
0.204226	158.043000
0.203047	158.143000
0.202222	158.243000
0.201765	158.343000
0.201457	158.443000
0.201196	158.543000
0.201116	158.643000
0.201010	158.743000
0.200957	158.843000
0.201000	158.943000
0.201001	159.043000
0.201106	159.143000
0.201134	159.243000
0.201103	159.343000
0.201142	159.443000
0.201162	159.543000
0.201207	159.643000
0.201323	159.743000
0.201381	159.843000
0.201481	159.943000
0.201483	160.043000
0.201498	160.143000
0.201549	160.243000
0.201574	160.343000
0.201621	160.443000
0.201702	160.543000
0.201755	160.643000
0.201799	160.743000
0.201817	160.843000
0.201834	160.943000
0.201937	161.043000
0.201937	161.143000
0.201897	161.243000
0.201968	161.343000
0.202038	161.443000
0.202077	161.543000
0.202090	161.643000
0.202092	161.743000
0.202159	161.843000
0.201148	161.943000
0.199585	162.043000
0.198478	162.143000
0.197654	162.243000
0.197109	162.343000
0.196856	162.443000
0.196577	162.543000
0.196510	162.643000
0.196444	162.743000
0.196392	162.843000
0.196388	162.943000
0.196386	163.043000
0.196385	163.143000
0.196409	163.243000
0.196490	163.343000
0.196563	163.443000
0.196569	163.543000
0.196624	163.643000
0.196671	163.743000
0.196681	163.843000
0.196727	163.943000
0.196759	164.043000
0.196814	164.143000
0.196874	164.243000
0.196897	164.343000
0.196885	164.443000
0.196998	164.543000
0.197019	164.643000
0.197052	164.743000
0.197088	164.843000
0.197093	164.943000
0.197155	165.043000
0.197268	165.143000
0.197288	165.243000
0.197355	165.343000
0.197292	165.443000
0.197343	165.543000
0.197103	165.643000
0.195720	165.743000
0.194453	165.843000
0.193505	165.943000
0.192860	166.043000
0.192517	166.143000
0.192322	166.243000
0.192113	166.343000
0.192071	166.443000
0.191989	166.543000
0.191937	166.643000
0.191917	166.743000
0.191925	166.843000
0.191998	166.943000
0.192006	167.043000
0.192029	167.143000
0.192112	167.243000
0.192126	167.343000
0.192174	167.443000
0.192232	167.543000
0.192234	167.643000
0.192296	167.743000
0.192352	167.843000
0.192398	167.943000
0.192435	168.043000
0.192458	168.143000
0.192561	168.243000
0.192562	168.343000
0.192525	168.443000
0.192612	168.543000
0.192656	168.643000
0.192632	168.743000
0.192687	168.843000
0.192697	168.943000
0.192738	169.043000
0.192827	169.143000
0.192878	169.243000
0.192913	169.343000
0.192957	169.443000
0.192536	169.543000
0.191225	169.643000
0.190005	169.743000
0.189132	169.843000
0.188610	169.943000
0.188237	170.043000
0.188021	170.143000
0.187902	170.243000
0.187791	170.343000
0.187813	170.443000
0.187791	170.543000
0.187760	170.643000
0.187800	170.743000
0.187781	170.843000
0.187825	170.943000
0.187894	171.043000
0.187917	171.143000
0.187970	171.243000
0.187947	171.343000
0.187947	171.443000
0.188054	171.543000
0.188064	171.643000
0.188104	171.743000
0.188159	171.843000
0.188151	171.943000
0.188220	172.043000
0.188269	172.143000
0.188267	172.243000
0.188328	172.343000
0.188344	172.443000
0.188405	172.543000
0.188467	172.643000
0.188490	172.743000
0.188528	172.843000
0.188593	172.943000
0.188592	173.043000
0.188670	173.143000
0.188716	173.243000
0.188727	173.343000
0.188743	173.443000
0.188750	173.543000
0.188789	173.643000
0.188889	173.743000
0.188864	173.843000
0.188603	173.943000
0.187355	174.043000
0.186156	174.143000
0.185382	174.243000
0.184795	174.343000
0.184475	174.443000
0.184280	174.543000
0.184164	174.643000
0.184027	174.743000
0.183980	174.843000
0.183949	174.943000
0.184015	175.043000
0.184008	175.143000
0.184026	175.243000
0.184062	175.343000
0.184042	175.443000
0.184090	175.543000
0.184141	175.643000
0.184187	175.743000
0.184249	175.843000
0.184239	175.943000
0.184289	176.043000
0.184344	176.143000
0.184387	176.243000
0.184410	176.343000
0.184456	176.443000
0.184498	176.543000
0.184533	176.643000
0.184531	176.743000
0.184613	176.843000
0.184617	176.943000
0.184599	177.043000
0.184648	177.143000
0.184686	177.243000
0.184719	177.343000
0.184786	177.443000
0.184823	177.543000
0.184844	177.643000
0.184894	177.743000
0.184922	177.843000
0.184976	177.943000
0.184986	178.043000
0.185003	178.143000
0.184979	178.243000
0.184010	178.343000
0.182770	178.443000
0.181936	178.543000
0.181296	178.643000
0.180946	178.743000
0.180732	178.843000
0.180533	178.943000
0.180453	179.043000
0.180398	179.143000
0.180325	179.243000
0.180368	179.343000
0.180320	179.443000
0.180392	179.543000
0.180479	179.643000
0.180443	179.743000
0.180496	179.843000
0.180544	179.943000
0.180522	180.043000
0.180586	180.143000
0.180632	180.243000
0.180688	180.343000
0.180774	180.443000
0.180796	180.543000
0.180813	180.643000
0.180867	180.743000
0.180855	180.843000
0.180938	180.943000
0.180933	181.043000
0.180932	181.143000
0.181016	181.243000
0.181032	181.343000
0.181057	181.443000
0.181115	181.543000
0.181151	181.643000
0.181199	181.743000
0.181172	181.843000
0.181183	181.943000
0.181226	182.043000
0.181273	182.143000
0.181318	182.243000
0.181341	182.343000
0.181297	182.443000
0.181348	182.543000
0.181373	182.643000
0.181422	182.743000
0.181507	182.843000
0.181558	182.943000
0.181543	183.043000
0.181588	183.143000
0.181573	183.243000
0.181630	183.343000
0.181693	183.443000
0.181699	183.543000
0.181798	183.643000
0.181732	183.743000
0.181743	183.843000
0.181791	183.943000
0.181852	184.043000
0.181928	184.143000
0.181912	184.243000
0.181403	184.343000
0.180233	184.443000
0.179268	184.543000
0.178570	184.643000
0.178095	184.743000
0.177789	184.843000
0.177623	184.943000
0.177498	185.043000
0.177392	185.143000
0.177384	185.243000
0.177368	185.343000
0.177386	185.443000
0.177428	185.543000
0.177473	185.643000
0.177487	185.743000
0.177495	185.843000
0.177497	185.943000
0.177551	186.043000
0.177580	186.143000
0.177602	186.243000
0.177641	186.343000
0.177647	186.443000
0.177692	186.543000
0.177717	186.643000
0.177716	186.743000
0.177773	186.843000
0.177819	186.943000
0.177819	187.043000
0.177895	187.143000
0.177932	187.243000
0.177965	187.344000
0.178005	187.443000
0.178012	187.543000
0.178046	187.643000
0.178037	187.743000
0.178018	187.843000
0.178076	187.943000
0.178085	188.043000
0.178154	188.143000
0.178232	188.243000
0.178228	188.343000
0.178232	188.443000
0.178196	188.543000
0.178199	188.643000
0.178309	188.743000
0.178277	188.843000
0.178313	188.943000
0.178357	189.043000
0.178371	189.143000
0.178505	189.243000
0.178513	189.343000
0.178458	189.443000
0.178485	189.543000
0.178486	189.643000
0.178571	189.743000
0.178337	189.843000
0.177202	189.943000
0.176219	190.043000
0.175502	190.143000
0.175047	190.243000
0.174742	190.343000
0.174516	190.443000
0.174362	190.543000
0.174347	190.643000
0.174264	190.743000
0.174333	190.843000
0.174355	190.943000
0.174282	191.043000
0.174359	191.143000
0.174354	191.243000
0.174383	191.343000
0.174406	191.443000
0.174414	191.543000
0.174475	191.643000
0.174493	191.743000
0.174479	191.843000
0.174525	191.943000
0.174593	192.043000
0.174590	192.143000
0.174640	192.243000
0.174658	192.343000
0.174708	192.443000
0.174730	192.543000
0.174726	192.643000
0.174772	192.743000
0.174817	192.843000
0.174839	192.943000
0.174873	193.043000
0.174868	193.143000
0.174970	193.243000
0.175019	193.343000
0.175022	193.443000
0.175059	193.543000
0.175115	193.643000
0.175106	193.743000
0.175154	193.843000
0.175084	193.943000
0.175085	194.043000
0.175173	194.143000
0.175210	194.243000
0.175246	194.343000
0.175317	194.443000
0.175290	194.543000
0.175391	194.643000
0.175404	194.743000
0.175339	194.843000
0.175405	194.943000
0.175437	195.043000
0.175475	195.143000
0.175514	195.243000
0.175503	195.343000
0.175538	195.443000
0.175521	195.543000
0.174707	195.643000
0.173687	195.743000
0.172876	195.843000
0.172305	195.943000
0.171934	196.043000
0.171691	196.143000
0.171556	196.243000
0.171475	196.343000
0.171398	196.443000
0.171404	196.543000
0.171376	196.643000
0.171342	196.743000
0.171396	196.843000
0.171441	196.943000
0.171481	197.043000
0.171467	197.143000
0.171462	197.243000
0.171526	197.343000
0.171552	197.443000
0.171570	197.543000
0.171614	197.643000
0.171607	197.743000
0.171644	197.843000
0.171698	197.943000
0.171738	198.043000
0.171776	198.143000
0.171745	198.243000
0.171804	198.343000
0.171851	198.443000
0.171848	198.543000
0.171918	198.643000
0.171935	198.743000
0.171899	198.843000
0.171981	198.943000
0.172025	199.043000
0.172031	199.143000
0.172096	199.243000
0.172121	199.343000
0.172097	199.443000
0.172170	199.543000
0.172151	199.643000
0.172201	199.743000
0.172227	199.843000
0.172237	199.943000
0.172328	200.043000
0.172332	200.143000
0.172306	200.243000
0.172398	200.343000
0.172347	200.443000
0.172175	200.543000
0.171218	200.643000
0.170219	200.743000
0.169597	200.843000
0.169152	200.943000
0.168887	201.043000
0.168648	201.143000
0.168548	201.243000
0.168465	201.343000
0.168413	201.443000
0.168352	201.543000
0.168428	201.643000
0.168440	201.743000
0.168455	201.843000
0.168506	201.943000
0.168485	202.043000
0.168522	202.143000
0.168542	202.243000
0.168556	202.343000
0.168603	202.443000
0.168663	202.543000
0.168661	202.643000
0.168670	202.743000
0.168693	202.843000
0.168763	202.943000
0.168752	203.043000
0.168758	203.143000
0.168806	203.243000
0.168802	203.343000
0.168831	203.443000
0.168888	203.543000
0.168887	203.643000
0.168918	203.743000
0.168957	203.843000
0.168961	203.943000
0.169007	204.043000
0.169003	204.143000
0.169035	204.243000
0.169081	204.343000
0.169077	204.443000
0.169149	204.543000
0.169175	204.643000
0.169191	204.743000
0.169211	204.843000
0.169225	204.943000
0.169196	205.043000
0.169242	205.143000
0.169272	205.243000
0.169331	205.343000
0.169346	205.443000
0.169256	205.543000
0.168553	205.643000
0.167587	205.743000
0.166818	205.843000
0.166389	205.943000
0.166041	206.043000
0.165857	206.143000
0.165714	206.243000
0.165626	206.343000
0.165586	206.443000
0.165576	206.543000
0.165561	206.643000
0.165621	206.743000
0.165615	206.843000
0.165627	206.943000
0.165691	207.043000
0.165669	207.143000
0.165670	207.243000
0.165680	207.343000
0.165664	207.443000
0.165738	207.543000
0.165748	207.643000
0.165749	207.743000
0.165852	207.843000
0.165869	207.943000
0.165860	208.043000
0.165924	208.143000
0.165926	208.243000
0.165935	208.343000
0.165924	208.443000
0.165903	208.543000
0.166033	208.643000
0.165991	208.743000
0.166028	208.843000
0.166084	208.943000
0.166070	209.043000
0.166077	209.143000
0.166079	209.243000
0.166114	209.343000
0.166195	209.443000
0.166207	209.543000
0.166194	209.643000
0.166257	209.743000
0.166235	209.843000
0.166263	209.943000
0.166266	210.043000
0.166309	210.143000
0.166377	210.243000
0.166377	210.343000
0.166325	210.443000
0.166384	210.543000
0.166359	210.643000
0.166412	210.743000
0.166420	210.843000
0.166409	210.943000
0.166494	211.043000
0.166516	211.143000
0.166509	211.243000
0.166561	211.343000
0.166603	211.443000
0.166418	211.543000
0.165480	211.643000
0.164558	211.743000
0.163988	211.843000
0.163568	211.943000
0.163319	212.043000
0.163182	212.143000
0.163071	212.243000
0.163000	212.343000
0.163004	212.443000
0.162948	212.543000
0.162952	212.643000
0.162988	212.743000
0.162981	212.843000
0.162992	212.943000
0.162990	213.043000
0.162990	213.143000
0.163081	213.243000
0.163089	213.343000
0.163116	213.443000
0.163122	213.543000
0.163097	213.643000
0.163218	213.743000
0.163219	213.843000
0.163239	213.943000
0.163231	214.043000
0.163209	214.143000
0.163273	214.243000
0.163283	214.343000
0.163249	214.443000
0.163304	214.543000
0.163329	214.643000
0.163366	214.743000
0.163382	214.843000
0.163398	214.943000
0.163436	215.043000
0.163458	215.143000
0.163442	215.243000
0.163513	215.343000
0.163508	215.443000
0.163531	215.543000
0.163601	215.643000
0.163617	215.743000
0.163448	215.843000
0.162617	215.943000
0.161729	216.043000
0.161184	216.143000
0.160757	216.243000
0.160491	216.343000
0.160358	216.443000
0.160200	216.543000
0.160128	216.643000
0.160116	216.743000
0.160085	216.843000
0.160083	216.943000
0.160075	217.043000
0.160118	217.143000
0.160160	217.243000
0.160159	217.343000
0.160209	217.443000
0.160246	217.543000
0.160227	217.643000
0.160237	217.743000
0.160279	217.843000
0.160299	217.943000
0.160363	218.043000
0.160424	218.143000
0.160374	218.243000
0.160382	218.343000
0.160375	218.443000
0.160414	218.543000
0.160453	218.643000
0.160449	218.743000
0.160479	218.843000
0.160514	218.943000
0.160566	219.043000
0.160612	219.143000
0.160588	219.243000
0.160597	219.343000
0.160628	219.443000
0.160608	219.543000
0.160651	219.643000
0.160690	219.743000
0.160681	219.843000
0.160731	219.943000
0.160770	220.043000
0.160767	220.143000
0.160816	220.243000
0.160800	220.343000
0.160853	220.443000
0.160910	220.543000
0.160859	220.643000
0.160939	220.743000
0.160952	220.843000
0.160915	220.943000
0.160948	221.043000
0.160894	221.143000
0.160271	221.243000
0.159382	221.343000
0.158722	221.443000
0.158352	221.543000
0.157987	221.643000
0.157780	221.743000
0.157689	221.843000
0.157587	221.943000
0.157617	222.043000
0.157633	222.143000
0.157568	222.243000
0.157568	222.343000
0.157598	222.443000
0.157574	222.543000
0.157603	222.643000
0.157650	222.743000
0.157646	222.843000
0.157677	222.943000
0.157689	223.043000
0.157760	223.143000
0.157752	223.243000
0.157746	223.343000
0.157786	223.443000
0.157777	223.543000
0.157805	223.643000
0.157846	223.743000
0.157800	223.843000
0.157899	223.943000
0.157889	224.043000
0.157900	224.143000
0.157958	224.243000
0.157957	224.343000
0.157955	224.443000
0.157985	224.543000
0.158006	224.643000
0.158083	224.743000
0.158072	224.843000
0.158032	224.943000
0.158057	225.043000
0.158039	225.143000
0.158104	225.243000
0.158170	225.343000
0.158151	225.443000
0.158175	225.543000
0.158194	225.643000
0.158232	225.743000
0.158303	225.843000
0.158238	225.943000
0.158207	226.043000
0.158321	226.143000
0.158337	226.243000
0.158360	226.343000
0.158336	226.443000
0.158298	226.543000
0.158349	226.643000
0.158402	226.743000
0.158428	226.844000
0.158420	226.943000
0.158430	227.043000
0.158103	227.143000
0.157267	227.243000
0.156565	227.343000
0.156089	227.443000
0.155745	227.543000
0.155500	227.643000
0.155339	227.743000
0.155250	227.843000
0.155226	227.943000
0.155194	228.043000
0.155174	228.143000
0.155167	228.243000
0.155189	228.343000
0.155233	228.443000
0.155287	228.543000
0.155268	228.643000
0.155269	228.743000
0.155306	228.843000
0.155324	228.943000
0.155395	229.043000
0.155405	229.143000
0.155398	229.243000
0.155418	229.343000
0.155342	229.443000
0.155355	229.543000
0.155431	229.643000
0.155440	229.743000
0.155484	229.843000
0.155512	229.943000
0.155518	230.043000
0.155543	230.143000
0.155528	230.243000
0.155556	230.343000
0.155621	230.443000
0.155572	230.543000
0.155633	230.643000
0.155583	230.743000
0.155630	230.843000
0.155673	230.943000
0.155688	231.043000
0.155676	231.143000
0.155747	231.243000
0.155719	231.343000
0.155787	231.443000
0.155780	231.543000
0.155786	231.643000
0.155819	231.743000
0.155830	231.843000
0.155823	231.943000
0.155871	232.043000
0.155860	232.143000
0.155902	232.243000
0.155922	232.343000
0.155970	232.443000
0.155721	232.543000
0.154915	232.643000
0.154199	232.743000
0.153721	232.843000
0.153361	232.943000
0.153172	233.043000
0.153010	233.143000
0.152925	233.243000
0.152920	233.343000
0.152914	233.443000
0.152836	233.543000
0.152874	233.643000
0.152869	233.743000
0.152847	233.843000
0.152880	233.943000
0.152906	234.043000
0.152928	234.143000
0.152978	234.243000
0.152967	234.343000
0.152903	234.443000
0.152950	234.543000
0.152939	234.643000
0.153034	234.743000
0.153027	234.843000
0.153084	234.943000
0.153143	235.043000
0.153133	235.143000
0.153121	235.243000
0.153109	235.343000
0.153152	235.443000
0.153192	235.543000
0.153155	235.643000
0.153157	235.743000
0.153218	235.843000
0.153209	235.943000
0.153253	236.043000
0.153264	236.143000
0.153244	236.243000
0.153283	236.343000
0.153279	236.443000
0.153300	236.543000
0.153329	236.643000
0.153356	236.743000
0.153410	236.843000
0.153393	236.943000
0.153395	237.043000
0.153421	237.143000
0.153393	237.243000
0.153411	237.343000
0.153436	237.443000
0.153475	237.543000
0.153498	237.643000
0.153539	237.743000
0.153517	237.843000
0.153538	237.943000
0.153529	238.043000
0.153546	238.143000
0.153585	238.243000
0.153556	238.343000
0.153623	238.443000
0.153628	238.543000
0.153616	238.643000
0.153668	238.743000
0.153669	238.843000
0.153682	238.943000
0.153716	239.043000
0.153734	239.143000
0.153736	239.243000
0.153754	239.343000
0.153735	239.443000
0.153778	239.543000
0.153785	239.643000
0.153824	239.743000
0.153894	239.843000
0.153793	239.943000
0.153230	240.043000
0.152484	240.143000
0.151867	240.243000
0.151503	240.343000
0.151153	240.443000
0.150992	240.543000
0.150907	240.643000
0.150818	240.743000
0.150804	240.843000
0.150829	240.943000
0.150751	241.043000
0.150818	241.143000
0.150813	241.243000
0.150771	241.343000
0.150858	241.443000
0.150859	241.543000
0.150916	241.643000
0.150989	241.743000
0.151053	241.843000
0.151074	241.943000
0.151086	242.043000
0.151015	242.143000
0.151092	242.243000
0.151078	242.343000
0.151111	242.443000
0.151121	242.543000
0.151049	242.643000
0.151040	242.743000
0.151045	242.843000
0.151056	242.943000
0.151128	243.043000
0.151127	243.143000
0.151139	243.243000
0.151166	243.343000
0.151156	243.443000
0.151171	243.543000
0.151234	243.643000
0.151256	243.743000
0.151259	243.843000
0.151211	243.943000
0.151245	244.043000
0.151322	244.143000
0.151288	244.243000
0.151312	244.343000
0.151302	244.443000
0.151346	244.543000
0.151374	244.643000
0.151356	244.743000
0.151365	244.843000
0.151419	244.943000
0.151420	245.043000
0.151462	245.143000
0.151201	245.243000
0.150400	245.343000
0.149802	245.443000
0.149317	245.543000
0.149008	245.643000
0.148874	245.743000
0.148704	245.843000
0.148603	245.943000
0.148545	246.043000
0.148497	246.143000
0.148535	246.243000
0.148532	246.343000
0.148528	246.443000
0.148515	246.543000
0.148504	246.643000
0.148537	246.743000
0.148564	246.843000
0.148606	246.943000
0.148654	247.043000
0.148591	247.143000
0.148578	247.243000
0.148644	247.343000
0.148601	247.443000
0.148646	247.543000
0.148689	247.643000
0.148656	247.744000
0.148699	247.843000
0.148724	247.943000
0.148734	248.043000
0.148809	248.143000
0.148798	248.243000
0.148813	248.343000
0.148790	248.443000
0.148805	248.543000
0.148822	248.643000
0.148857	248.743000
0.148852	248.843000
0.148886	248.943000
0.148930	249.043000
0.148945	249.143000
0.148981	249.243000
0.148944	249.343000
0.148946	249.443000
0.149007	249.543000
0.148986	249.643000
0.148982	249.743000
0.148994	249.843000
0.148505	249.943000
0.147835	250.043000
0.147259	250.143000
0.146919	250.243000
0.146649	250.343000
0.146432	250.443000
0.146374	250.543000
0.146264	250.643000
0.146167	250.743000
0.146167	250.843000
0.146200	250.943000
0.146217	251.043000
0.146177	251.143000
0.146114	251.243000
0.146132	251.343000
0.146143	251.443000
0.146124	251.543000
0.146200	251.643000
0.146252	251.743000
0.146269	251.843000
0.146277	251.943000
0.146320	252.043000
0.146368	252.143000
0.146410	252.243000
0.146369	252.343000
0.146423	252.443000
0.146438	252.543000
0.146456	252.643000
0.146460	252.743000
0.146461	252.843000
0.146515	252.943000
0.146468	253.043000
0.146432	253.143000
0.146479	253.243000
0.146531	253.343000
0.146544	253.443000
0.146574	253.543000
0.146574	253.643000
0.146601	253.743000
0.146592	253.843000
0.146605	253.943000
0.146689	254.043000
0.146639	254.143000
0.146629	254.243000
0.146651	254.343000
0.146661	254.443000
0.146695	254.543000
0.146688	254.643000
0.146706	254.743000
0.146765	254.843000
0.146755	254.943000
0.146713	255.043000
0.146769	255.143000
0.146766	255.243000
0.146837	255.343000
0.146841	255.443000
0.146821	255.543000
0.146480	255.643000
0.145760	255.744000
0.145151	255.843000
0.144842	255.943000
0.144556	256.043000
0.144339	256.144000
0.144245	256.243000
0.144166	256.343000
0.144131	256.443000
0.144133	256.543000
0.144080	256.643000
0.144110	256.743000
0.144155	256.843000
0.144131	256.943000
0.144147	257.043000
0.144117	257.143000
0.144226	257.243000
0.144273	257.343000
0.144232	257.443000
0.144247	257.543000
0.144246	257.643000
0.144271	257.743000
0.144320	257.843000
0.144325	257.943000
0.144346	258.043000
0.144352	258.143000
0.144318	258.243000
0.144404	258.343000
0.144388	258.443000
0.144372	258.543000
0.144413	258.643000
0.144400	258.743000
0.144461	258.843000
0.144432	258.943000
0.144411	259.043000
0.144436	259.143000
0.144467	259.243000
0.144436	259.343000
0.144465	259.443000
0.144460	259.543000
0.144491	259.643000
0.144523	259.743000
0.144498	259.843000
0.144512	259.943000
0.144548	260.043000
0.144568	260.143000
0.144542	260.243000
0.144555	260.343000
0.144578	260.443000
0.144612	260.543000
0.144617	260.643000
0.144624	260.743000
0.144642	260.843000
0.144636	260.943000
0.144663	261.043000
0.144651	261.143000
0.144671	261.243000
0.144684	261.343000
0.144678	261.443000
0.144638	261.543000
0.144203	261.643000
0.143548	261.743000
0.143124	261.843000
0.142752	261.943000
0.142521	262.043000
0.142317	262.143000
0.142232	262.243000
0.142169	262.343000
0.142169	262.443000
0.142087	262.543000
0.142094	262.643000
0.142098	262.743000
0.142103	262.843000
0.142122	262.943000
0.142093	263.043000
0.142132	263.143000
0.142186	263.243000
0.142167	263.343000
0.142142	263.443000
0.142139	263.543000
0.142124	263.643000
0.142209	263.743000
0.142225	263.843000
0.142194	263.943000
0.142273	264.043000
0.142230	264.143000
0.142212	264.243000
0.142200	264.343000
0.142247	264.443000
0.142289	264.543000
0.142282	264.643000
0.142344	264.743000
0.142363	264.843000
0.142343	264.943000
0.142381	265.043000
0.142378	265.143000
0.142366	265.243000
0.142412	265.343000
0.142406	265.443000
0.142458	265.543000
0.142473	265.643000
0.142457	265.743000
0.142502	265.843000
0.142508	265.943000
0.142454	266.043000
0.142507	266.143000
0.142563	266.243000
0.142576	266.343000
0.142634	266.443000
0.142599	266.543000
0.142547	266.643000
0.142546	266.743000
0.142581	266.843000
0.142624	266.943000
0.142613	267.043000
0.142558	267.143000
0.142593	267.243000
0.142595	267.343000
0.142668	267.443000
0.142683	267.543000
0.142752	267.643000
0.142752	267.743000
0.142704	267.843000
0.142436	267.943000
0.141872	268.043000
0.141391	268.143000
0.141012	268.243000
0.140698	268.343000
0.140501	268.443000
0.140376	268.543000
0.140308	268.643000
0.140259	268.743000
0.140272	268.843000
0.140214	268.943000
0.140187	269.043000
0.140200	269.143000
0.140159	269.243000
0.140248	269.343000
0.140191	269.443000
0.140205	269.543000
0.140243	269.643000
0.140251	269.743000
0.140267	269.843000
0.140323	269.943000
0.140249	270.043000
0.140261	270.143000
0.140283	270.243000
0.140284	270.343000
0.140359	270.443000
0.140359	270.543000
0.140311	270.643000
0.140400	270.743000
0.140470	270.843000
0.140468	270.943000
0.140405	271.043000
0.140341	271.143000
0.140395	271.243000
0.140410	271.343000
0.140413	271.443000
0.140445	271.543000
0.140479	271.643000
0.140523	271.743000
0.140535	271.843000
0.140517	271.943000
0.140538	272.043000
0.140497	272.143000
0.140513	272.243000
0.140578	272.344000
0.140592	272.443000
0.140593	272.543000
0.140599	272.643000
0.140571	272.743000
0.140624	272.843000
0.140655	272.943000
0.140698	273.043000
0.140760	273.143000
0.140686	273.243000
0.140616	273.343000
0.140654	273.443000
0.140656	273.543000
0.140665	273.643000
0.140692	273.743000
0.140724	273.843000
0.140776	273.943000
0.140747	274.043000
0.140747	274.143000
0.140763	274.243000
0.140726	274.343000
0.140719	274.443000
0.140788	274.543000
0.140791	274.644000
0.140826	274.743000
0.140842	274.843000
0.140806	274.943000
0.140825	275.043000
0.140827	275.143000
0.140764	275.243000
0.140385	275.343000
0.139766	275.443000
0.139301	275.543000
0.139007	275.643000
0.138780	275.743000
0.138694	275.843000
0.138519	275.943000
0.138461	276.043000
0.138428	276.143000
0.138402	276.243000
0.138417	276.343000
0.138419	276.443000
0.138408	276.543000
0.138464	276.643000
0.138388	276.743000
0.138406	276.843000
0.138455	276.943000
0.138421	277.043000
0.138497	277.143000
0.138511	277.243000
0.138497	277.343000
0.138566	277.443000
0.138567	277.543000
0.138515	277.643000
0.138559	277.743000
0.138563	277.843000
0.138585	277.943000
0.138615	278.043000
0.138609	278.143000
0.138629	278.243000
0.138641	278.343000
0.138676	278.443000
0.138679	278.543000
0.138690	278.643000
0.138688	278.743000
0.138742	278.843000
0.138795	278.943000
0.138805	279.043000
0.138755	279.143000
0.138773	279.243000
0.138723	279.343000
0.138721	279.443000
0.138750	279.543000
0.138724	279.644000
0.138731	279.743000
0.138804	279.843000
0.138781	279.943000
0.138777	280.043000
0.138799	280.143000
0.138818	280.243000
0.138860	280.343000
0.138827	280.443000
0.138813	280.543000
0.138858	280.643000
0.138883	280.743000
0.138854	280.843000
0.138909	280.943000
0.138921	281.043000
0.138907	281.143000
0.138959	281.243000
0.138897	281.343000
0.138639	281.443000
0.138083	281.543000
0.137619	281.643000
0.137292	281.743000
0.136991	281.843000
0.136871	281.944000
0.136794	282.043000
0.136646	282.143000
0.136613	282.243000
0.136572	282.343000
0.136535	282.443000
0.136561	282.543000
0.136562	282.643000
0.136570	282.743000
0.136568	282.843000
0.136548	282.943000
0.136567	283.043000
0.136571	283.143000
0.136574	283.243000
0.136604	283.343000
0.136626	283.443000
0.136638	283.543000
0.136668	283.643000
0.136661	283.743000
0.136672	283.843000
0.136666	283.943000
0.136662	284.043000
0.136700	284.143000
0.136693	284.243000
0.136687	284.343000
0.136698	284.443000
0.136717	284.543000
0.136744	284.643000
0.136743	284.743000
0.136747	284.843000
0.136750	284.943000
0.136770	285.043000
0.136792	285.143000
0.136857	285.243000
0.136826	285.343000
0.136779	285.443000
0.136826	285.543000
0.136857	285.643000
0.136874	285.743000
0.136893	285.843000
0.136882	285.943000
0.136870	286.043000
0.136878	286.143000
0.136856	286.243000
0.136892	286.343000
0.136928	286.443000
0.136942	286.543000
0.136918	286.643000
0.136896	286.743000
0.136928	286.843000
0.136962	286.943000
0.136964	287.043000
0.136978	287.143000
0.136929	287.243000
0.137012	287.343000
0.137029	287.443000
0.137034	287.543000
0.137076	287.643000
0.137050	287.743000
0.137058	287.843000
0.137086	287.943000
0.137027	288.043000
0.137047	288.143000
0.137100	288.243000
0.137093	288.343000
0.137143	288.443000
0.137152	288.543000
0.137194	288.643000
0.137161	288.743000
0.137109	288.843000
0.137128	288.943000
0.137147	289.043000
0.137174	289.143000
0.137218	289.243000
0.137232	289.343000
0.137203	289.443000
0.137191	289.543000
0.137188	289.643000
0.137180	289.743000
0.137223	289.843000
0.137145	289.943000
0.136786	290.043000
0.136266	290.143000
0.135801	290.243000
0.135500	290.343000
0.135206	290.443000
0.135075	290.543000
0.134998	290.643000
0.134931	290.743000
0.134943	290.843000
0.134957	290.943000
0.134942	291.043000
0.134940	291.143000
0.134927	291.243000
0.134927	291.343000
0.134968	291.443000
0.134925	291.543000
0.134976	291.643000
0.134993	291.743000
0.135002	291.843000
0.135040	291.943000
0.135010	292.043000
0.134966	292.143000
0.134963	292.243000
0.135003	292.343000
0.134998	292.443000
0.135013	292.543000
0.135023	292.643000
0.135058	292.743000
0.135140	292.843000
0.135068	292.943000
0.135102	293.043000
0.135103	293.143000
0.135095	293.243000
0.135138	293.343000
0.135137	293.443000
0.135196	293.543000
0.135197	293.643000
0.135157	293.743000
0.135148	293.843000
0.135137	293.943000
0.135153	294.043000
0.135178	294.143000
0.135165	294.243000
0.135189	294.343000
0.135190	294.443000
0.135195	294.543000
0.135227	294.643000
0.135182	294.743000
0.135254	294.843000
0.135298	294.943000
0.135198	295.043000
0.135260	295.143000
0.135253	295.243000
0.135195	295.343000
0.135243	295.443000
0.135236	295.543000
0.135281	295.643000
0.135278	295.743000
0.135267	295.843000
0.135295	295.943000
0.135341	296.043000
0.135352	296.143000
0.135421	296.243000
0.135485	296.343000
0.135555	296.443000
0.135599	296.543000
0.135554	296.643000
0.135530	296.743000
0.135567	296.843000
0.135566	296.943000
0.135551	297.043000
0.135501	297.143000
0.135368	297.243000
0.134903	297.343000
0.134383	297.443000
0.133982	297.543000
0.133751	297.643000
0.133535	297.743000
0.133400	297.843000
0.133328	297.943000
0.133259	298.043000
0.133252	298.143000
0.133188	298.243000
0.133229	298.343000
0.133277	298.443000
0.133251	298.543000
0.133245	298.643000
0.133224	298.743000
0.133221	298.843000
0.133279	298.943000
0.133246	299.043000
0.133251	299.143000
0.133323	299.243000
0.133280	299.343000
0.133305	299.443000
0.133307	299.543000
0.133318	299.643000
0.133339	299.743000
0.133330	299.843000
0.133345	299.943000
0.133429	300.043000
0.133332	300.143000
0.133329	300.243000
0.133389	300.343000
0.133394	300.443000
0.133425	300.543000
0.133416	300.643000
0.133392	300.744000
0.133428	300.843000
0.133340	300.943000
0.133440	301.043000
0.133473	301.143000
0.133392	301.243000
0.133449	301.343000
0.133447	301.443000
0.133414	301.543000
0.133460	301.643000
0.133454	301.743000
0.133497	301.843000
0.133486	301.943000
0.133436	302.043000
0.133483	302.143000
0.133472	302.243000
0.133454	302.343000
0.133548	302.443000
0.133535	302.543000
0.133500	302.643000
0.133507	302.743000
0.133449	302.843000
0.133465	302.943000
0.133499	303.043000
0.133491	303.143000
0.133547	303.243000
0.133586	303.343000
0.133583	303.443000
0.133601	303.543000
0.133604	303.643000
0.133613	303.743000
0.133636	303.843000
0.133649	303.943000
0.133663	304.043000
0.133647	304.143000
0.133628	304.243000
0.133693	304.343000
0.133765	304.443000
0.133801	304.543000
0.133814	304.643000
0.133745	304.743000
0.133662	304.843000
0.133213	304.943000
0.132613	305.043000
0.132302	305.143000
0.131991	305.243000
0.131812	305.343000
0.131653	305.443000
0.131576	305.543000
0.131565	305.643000
0.131487	305.743000
0.131449	305.843000
0.131435	305.943000
0.131414	306.043000
0.131422	306.143000
0.131471	306.243000
0.131489	306.343000
0.131494	306.443000
0.131529	306.543000
0.131480	306.643000
0.131508	306.743000
0.131497	306.843000
0.131519	306.943000
0.131576	307.043000
0.131557	307.143000
0.131552	307.243000
0.131554	307.343000
0.131554	307.443000
0.131653	307.543000
0.131598	307.643000
0.131574	307.743000
0.131635	307.843000
0.131673	307.943000
0.131700	308.043000
0.131700	308.143000
0.131720	308.243000
0.131760	308.343000
0.131704	308.443000
0.131694	308.543000
0.131775	308.643000
0.131784	308.743000
0.131769	308.843000
0.131769	308.943000
0.131710	309.043000
0.131768	309.143000
0.131747	309.243000
0.131754	309.343000
0.131780	309.443000
0.131761	309.543000
0.131801	309.643000
0.131826	309.743000
0.131820	309.843000
0.131856	309.943000
0.131855	310.043000
0.131825	310.143000
0.131873	310.243000
0.131871	310.343000
0.131865	310.443000
0.131885	310.543000
0.131852	310.643000
0.131850	310.743000
0.131452	310.843000
0.130906	310.943000
0.130598	311.043000
0.130339	311.143000
0.130145	311.243000
0.129996	311.343000
0.129854	311.443000
0.129831	311.543000
0.129795	311.643000
0.129751	311.743000
0.129795	311.843000
0.129811	311.943000
0.129810	312.043000
0.129800	312.143000
0.129796	312.243000
0.129825	312.344000
0.129859	312.443000
0.129941	312.543000
0.130095	312.643000
0.130143	312.743000
0.130067	312.843000
0.130027	312.943000
0.129957	313.043000
0.129906	313.143000
0.129874	313.243000
0.129848	313.343000
0.129895	313.443000
0.129881	313.543000
0.129936	313.643000
0.129975	313.743000
0.129952	313.843000
0.129928	313.943000
0.129936	314.043000
0.129927	314.143000
0.129922	314.243000
0.129967	314.343000
0.129931	314.443000
0.129930	314.543000
0.129949	314.643000
0.129974	314.743000
0.129999	314.843000
0.129940	314.943000
0.129949	315.043000
0.130028	315.143000
0.130004	315.243000
0.129998	315.343000
0.129990	315.443000
0.130010	315.543000
0.130034	315.643000
0.129975	315.743000
0.129994	315.843000
0.130022	315.943000
0.130050	316.043000
0.130139	316.143000
0.130062	316.243000
0.130042	316.343000
0.130075	316.443000
0.130060	316.543000
0.130073	316.643000
