0.550819	360.039000
0.550932	360.139000
0.550778	360.239000
0.550612	360.339000
0.550517	360.439000
0.550401	360.539000
0.550174	360.639000
0.550083	360.739000
0.550002	360.840000
0.550012	360.939000
0.549943	361.039000
0.549771	361.139000
0.549695	361.239000
0.549551	361.339000
0.549354	361.439000
0.549254	361.539000
0.549111	361.639000
0.549021	361.739000
0.548934	361.839000
0.548781	361.939000
0.548662	362.039000
0.548573	362.139000
0.548482	362.239000
0.548363	362.339000
0.548232	362.439000
0.548077	362.539000
0.547919	362.639000
0.547752	362.739000
0.547673	362.839000
0.547588	362.939000
0.547447	363.039000
0.547394	363.139000
0.547307	363.239000
0.547229	363.339000
0.547221	363.439000
0.543856	363.539000
0.531293	363.639000
0.521282	363.739000
0.514292	363.839000
0.509523	363.939000
0.506314	364.039000
0.504125	364.139000
0.502703	364.239000
0.501736	364.339000
0.501066	364.439000
0.500607	364.539000
0.500317	364.639000
0.500111	364.739000
0.499977	364.839000
0.499799	364.939000
0.499731	365.039000
0.499632	365.139000
0.499619	365.239000
0.499522	365.339000
0.499422	365.439000
0.499390	365.539000
0.499318	365.639000
0.499247	365.739000
0.499219	365.839000
0.499122	365.939000
0.499040	366.039000
0.499001	366.139000
0.498935	366.239000
0.498922	366.339000
0.498845	366.439000
0.498722	366.539000
0.498702	366.639000
0.498624	366.739000
0.498518	366.839000
0.498474	366.939000
0.498419	367.039000
0.498340	367.139000
0.498293	367.239000
0.498226	367.339000
0.498132	367.439000
0.498037	367.539000
0.497990	367.639000
0.491433	367.739000
0.482264	367.839000
0.475949	367.939000
0.471425	368.039000
0.468232	368.139000
0.466176	368.239000
0.464652	368.339000
0.463656	368.439000
0.463007	368.539000
0.462569	368.639000
0.462270	368.739000
0.462063	368.839000
0.461916	368.939000
0.461869	369.039000
0.461727	369.139000
0.461696	369.239000
0.461652	369.339000
0.461575	369.439000
0.461548	369.539000
0.461549	369.639000
0.461568	369.739000
0.461595	369.839000
0.461510	369.939000
0.461418	370.039000
0.461346	370.139000
0.461258	370.239000
0.461242	370.339000
0.461175	370.439000
0.461081	370.539000
0.461125	370.639000
0.461059	370.739000
0.461020	370.839000
0.460997	370.939000
0.460880	371.039000
0.460809	371.139000
0.460735	371.239000
0.460671	371.339000
0.460691	371.439000
0.460634	371.539000
0.460579	371.639000
0.460615	371.739000
0.460506	371.839000
0.460412	371.939000
0.460325	372.039000
0.460225	372.139000
0.460214	372.239000
0.460230	372.339000
0.460183	372.439000
0.460178	372.539000
0.460072	372.639000
0.454365	372.739000
0.447363	372.839000
0.442374	372.939000
0.438888	373.039000
0.436471	373.139000
0.434805	373.239000
0.433724	373.339000
0.432922	373.439000
0.432417	373.539000
0.432079	373.639000
0.431813	373.739000
0.431689	373.839000
0.431537	373.939000
0.431448	374.039000
0.431487	374.139000
0.431398	374.239000
0.431364	374.339000
0.431365	374.439000
0.431226	374.539000
0.431234	374.639000
0.431211	374.739000
0.431153	374.839000
0.431151	374.939000
0.431069	375.039000
0.431041	375.139000
0.430997	375.239000
0.430965	375.339000
0.430958	375.439000
0.430918	375.539000
0.430878	375.639000
0.430890	375.739000
0.430865	375.839000
0.430848	375.939000
0.430806	376.039000
0.430713	376.139000
0.430672	376.239000
0.430570	376.339000
0.430585	376.439000
0.430610	376.539000
0.430537	376.639000
0.430493	376.739000
0.430542	376.839000
0.430502	376.939000
0.430509	377.039000
0.430415	377.139000
0.430290	377.239000
0.430203	377.339000
0.424945	377.439000
0.419355	377.539000
0.415507	377.639000
0.412763	377.739000
0.410838	377.839000
0.409483	377.939000
0.408544	378.039000
0.408000	378.139000
0.407557	378.239000
0.407289	378.339000
0.407101	378.439000
0.406955	378.539000
0.406915	378.639000
0.406863	378.739000
0.406777	378.839000
0.406776	378.939000
0.406707	379.039000
0.406690	379.139000
0.406736	379.239000
0.406744	379.339000
0.406730	379.439000
0.406663	379.539000
0.406557	379.639000
0.406552	379.739000
0.406510	379.839000
0.406481	379.939000
0.406510	380.039000
0.406473	380.139000
0.406497	380.239000
0.406432	380.339000
0.406401	380.439000
0.406462	380.539000
0.406393	380.639000
0.406346	380.739000
0.406339	380.839000
0.406297	380.939000
0.406280	381.039000
0.406274	381.139000
0.406219	381.239000
0.406257	381.339000
0.406165	381.439000
0.406113	381.539000
0.406118	381.639000
0.406038	381.739000
0.406008	381.839000
0.406002	381.939000
0.405981	382.039000
0.406007	382.139000
0.405967	382.239000
0.406067	382.339000
0.403209	382.439000
0.397742	382.539000
0.394262	382.639000
0.391792	382.739000
0.389998	382.839000
0.388765	382.939000
0.387896	383.039000
0.387329	383.139000
0.386986	383.239000
0.386682	383.339000
0.386545	383.439000
0.386448	383.539000
0.386339	383.639000
0.386299	383.739000
0.386218	383.839000
0.386168	383.939000
0.386184	384.039000
0.386131	384.139000
0.386101	384.239000
0.386077	384.339000
0.386047	384.439000
0.386074	384.539000
0.386083	384.639000
0.386020	384.739000
0.386058	384.839000
0.385983	384.939000
0.386009	385.039000
0.386010	385.139000
0.385973	385.239000
0.385959	385.339000
0.385936	385.439000
0.385889	385.539000
0.385905	385.639000
0.385900	385.739000
0.385894	385.839000
0.385869	385.939000
0.385776	386.039000
0.385784	386.139000
0.385745	386.239000
0.385730	386.339000
0.385767	386.439000
0.385788	386.539000
0.385744	386.639000
0.385806	386.739000
0.382548	386.839000
0.378028	386.939000
0.375288	387.039000
0.373284	387.139000
0.371942	387.239000
0.370931	387.339000
0.370274	387.439000
0.369827	387.539000
0.369517	387.639000
0.369333	387.739000
0.369172	387.839000
0.369075	387.939000
0.369055	388.039000
0.368936	388.139000
0.368877	388.239000
0.368879	388.340000
0.368847	388.439000
0.368880	388.539000
0.368864	388.639000
0.368802	388.739000
0.368830	388.839000
0.368796	388.939000
0.368817	389.039000
0.368822	389.139000
0.368763	389.239000
0.368796	389.339000
0.368754	389.439000
0.368704	389.539000
0.368723	389.639000
0.368719	389.739000
0.368712	389.839000
0.368735	389.939000
0.368678	390.039000
0.368684	390.140000
0.368645	390.239000
0.368602	390.339000
0.368617	390.439000
0.368613	390.539000
0.368609	390.639000
0.368626	390.739000
0.368573	390.839000
0.368563	390.939000
0.368574	391.039000
0.368511	391.139000
0.368515	391.239000
0.368529	391.339000
0.368474	391.439000
0.368520	391.539000
0.368477	391.639000
0.368475	391.739000
0.368466	391.839000
0.368415	391.939000
0.368425	392.040000
0.368431	392.139000
0.368401	392.239000
0.366987	392.339000
0.362390	392.439000
0.359680	392.539000
0.357941	392.639000
0.356676	392.739000
0.355811	392.839000
0.355148	392.939000
0.354738	393.039000
0.354463	393.139000
0.354321	393.239000
0.354180	393.339000
0.354095	393.439000
0.353995	393.539000
0.353948	393.639000
0.353888	393.739000
0.353862	393.839000
0.353869	393.939000
0.353828	394.039000
0.353827	394.139000
0.353835	394.239000
0.353801	394.339000
0.353819	394.439000
0.353790	394.539000
0.353748	394.639000
0.353786	394.739000
0.353759	394.839000
0.353772	394.939000
0.353771	395.039000
0.353723	395.139000
0.353752	395.239000
0.353732	395.339000
0.353681	395.439000
0.353733	395.539000
0.353693	395.639000
0.353684	395.739000
0.353705	395.839000
0.353667	395.939000
0.353679	396.039000
0.353667	396.139000
0.353618	396.239000
0.353633	396.339000
0.353592	396.439000
0.353574	396.539000
0.353592	396.639000
0.353523	396.739000
0.353588	396.839000
0.353083	396.939000
0.348554	397.039000
0.345691	397.139000
0.344201	397.239000
0.343202	397.339000
0.342554	397.439000
0.342040	397.539000
0.341740	397.639000
0.341468	397.739000
0.341272	397.839000
0.341191	397.939000
0.341090	398.039000
0.341109	398.139000
0.341111	398.239000
0.340985	398.339000
0.341030	398.439000
0.341024	398.539000
0.341021	398.639000
0.341029	398.739000
0.340978	398.839000
0.340992	398.939000
0.341002	399.039000
0.340957	399.139000
0.341011	399.239000
0.341003	399.339000
0.340905	399.439000
0.340933	399.539000
0.340966	399.639000
0.340961	399.739000
0.340919	399.839000
0.340855	399.939000
0.340850	400.039000
0.340839	400.139000
0.340826	400.239000
0.340873	400.339000
0.340877	400.439000
0.340826	400.539000
0.340840	400.639000
0.340808	400.739000
0.340783	400.839000
0.340826	400.939000
0.340774	401.039000
0.340825	401.139000
0.340792	401.239000
0.340752	401.339000
0.340777	401.439000
0.340805	401.539000
0.339538	401.639000
0.334711	401.739000
0.332413	401.839000
0.331526	401.939000
0.330957	402.039000
0.330603	402.139000
0.330372	402.239000
0.330163	402.339000
0.330039	402.439000
0.329969	402.539000
0.329917	402.639000
0.329890	402.739000
0.329860	402.839000
0.329775	402.939000
0.329809	403.039000
0.329790	403.139000
0.329772	403.239000
0.329784	403.339000
0.329742	403.439000
0.329786	403.539000
0.329777	403.639000
0.329785	403.739000
0.329804	403.839000
0.329721	403.939000
0.329759	404.039000
0.329831	404.139000
0.329778	404.239000
0.329784	404.339000
0.329776	404.439000
0.329731	404.539000
0.329691	404.639000
0.329644	404.739000
0.329672	404.839000
0.329709	404.939000
0.329725	405.039000
0.329714	405.139000
0.329708	405.239000
0.329685	405.339000
0.329734	405.439000
0.329683	405.539000
0.329666	405.639000
0.329671	405.739000
0.329661	405.839000
0.329661	405.939000
0.329647	406.039000
0.329639	406.139000
0.329651	406.239000
0.329643	406.339000
0.329651	406.439000
0.329658	406.539000
0.329630	406.639000
0.329590	406.739000
0.329554	406.839000
0.329580	406.939000
0.329612	407.039000
0.329556	407.139000
0.329537	407.239000
0.329588	407.339000
0.329560	407.439000
0.329556	407.539000
0.329534	407.639000
0.329474	407.739000
0.329157	407.839000
0.324012	407.939000
0.320785	408.039000
0.320027	408.139000
0.319849	408.239000
0.319867	408.339000
0.319884	408.439000
0.319894	408.539000
0.319978	408.639000
0.319953	408.739000
0.319982	408.839000
0.320022	408.939000
0.319961	409.039000
0.320053	409.139000
0.320074	409.239000
0.320003	409.339000
0.320030	409.439000
0.319992	409.539000
0.319987	409.639000
0.320046	409.739000
0.319985	409.839000
0.320008	409.939000
0.319987	410.039000
0.320022	410.139000
0.320056	410.239000
0.319955	410.339000
0.319934	410.439000
0.320005	410.540000
0.319971	410.639000
0.319981	410.739000
0.319959	410.839000
0.319922	410.939000
0.319957	411.039000
0.319965	411.139000
0.319951	411.239000
0.319945	411.339000
0.319914	411.439000
0.319935	411.539000
0.319975	411.639000
0.319918	411.739000
0.319935	411.839000
0.319950	411.939000
0.319895	412.039000
0.319905	412.139000
0.319874	412.239000
0.319900	412.339000
0.319921	412.439000
0.319848	412.539000
0.319884	412.639000
0.319860	412.739000
0.319835	412.839000
0.319902	412.939000
0.319831	413.039000
0.319816	413.139000
0.319861	413.239000
0.319809	413.339000
0.319943	413.439000
0.315938	413.539000
0.310341	413.639000
0.309030	413.739000
0.309117	413.839000
0.309567	413.939000
0.310075	414.039000
0.310502	414.139000
0.310886	414.239000
0.311129	414.339000
0.311351	414.439000
0.311520	414.539000
0.311532	414.639000
0.311573	414.739000
0.311670	414.839000
0.311705	414.939000
0.311780	415.039000
0.311762	415.139000
0.311765	415.239000
0.311773	415.339000
0.311776	415.439000
0.311787	415.539000
0.311822	415.639000
0.311792	415.739000
0.311834	415.839000
0.311831	415.939000
0.311807	416.039000
0.311849	416.139000
0.311851	416.239000
0.311828	416.339000
0.311779	416.439000
0.311773	416.539000
0.311828	416.639000
0.311808	416.739000
0.311793	416.839000
0.311821	416.939000
0.311822	417.039000
0.311761	417.139000
0.311774	417.239000
0.311759	417.339000
0.311761	417.439000
0.311751	417.539000
0.311723	417.639000
0.311789	417.739000
0.311729	417.839000
0.293595	417.939000
0.262387	418.039000
0.249924	418.139000
0.249763	418.239000
0.254800	418.339000
0.261547	418.439000
0.268280	418.539000
0.274046	418.639000
0.278731	418.739000
0.282470	418.839000
0.285253	418.939000
0.287452	419.039000
0.289092	419.139000
0.290319	419.239000
0.291325	419.339000
0.292115	419.439000
0.292687	419.539000
0.293199	419.639000
0.293578	419.739000
0.293944	419.839000
0.294267	419.939000
0.294542	420.039000
0.294808	420.139000
0.294991	420.239000
0.295191	420.339000
0.295430	420.439000
0.295582	420.539000
0.295745	420.639000
0.295904	420.739000
0.295994	420.839000
0.296176	420.939000
0.296329	421.039000
0.296462	421.139000
0.296605	421.239000
0.296662	421.339000
0.296803	421.439000
0.296889	421.539000
0.296942	421.639000
0.297045	421.739000
0.296944	421.839000
0.274806	421.939000
0.238758	422.039000
0.223627	422.139000
0.222919	422.239000
0.228929	422.339000
0.237282	422.439000
0.245807	422.539000
0.253445	422.639000
0.259773	422.739000
0.264853	422.839000
0.268672	422.939000
0.271556	423.039000
0.273736	423.139000
0.275341	423.239000
0.276670	423.339000
0.277676	423.439000
0.278482	423.539000
0.279173	423.639000
0.279776	423.739000
0.280231	423.839000
0.280652	423.939000
0.280960	424.039000
0.281326	424.139000
0.281613	424.239000
0.281802	424.339000
0.282078	424.439000
0.282277	424.539000
0.282447	424.639000
0.282586	424.739000
0.282714	424.839000
0.282915	424.939000
0.283025	425.039000
0.283122	425.139000
0.283249	425.239000
0.283331	425.339000
0.283438	425.439000
0.283567	425.539000
0.283587	425.639000
0.283697	425.739000
0.283784	425.839000
0.283833	425.939000
0.283923	426.039000
0.283946	426.139000
0.284006	426.239000
0.284068	426.339000
0.282181	426.439000
0.253206	426.540000
0.224602	426.639000
0.214969	426.739000
0.216312	426.839000
0.222649	426.939000
0.230609	427.039000
0.238529	427.139000
0.245287	427.239000
0.250830	427.339000
0.255057	427.439000
0.258171	427.539000
0.260579	427.639000
0.262409	427.739000
0.263690	427.839000
0.264762	427.939000
0.265551	428.039000
0.266224	428.139000
0.266754	428.239000
0.267105	428.339000
0.267468	428.439000
0.267757	428.539000
0.267988	428.639000
0.268243	428.739000
0.268399	428.839000
0.268601	428.939000
0.268767	429.039000
0.268861	429.139000
0.269030	429.239000
0.269109	429.339000
0.269192	429.439000
0.269315	429.539000
0.269396	429.639000
0.269486	429.739000
0.269593	429.839000
0.269648	429.939000
0.269742	430.039000
0.269842	430.139000
0.257481	430.239000
0.224340	430.339000
0.206974	430.439000
0.203974	430.539000
0.208129	430.639000
0.215298	430.739000
0.223166	430.839000
0.230327	430.939000
0.236288	431.039000
0.241030	431.139000
0.244626	431.239000
0.247253	431.339000
0.249264	431.439000
0.250635	431.539000
0.251708	431.639000
0.252548	431.739000
0.253164	431.839000
0.253692	431.939000
0.254071	432.039000
0.254420	432.139000
0.254711	432.239000
0.254925	432.339000
0.255119	432.439000
0.255293	432.539000
0.255409	432.639000
0.255572	432.739000
0.255654	432.839000
0.255764	432.939000
0.255883	433.039000
0.255927	433.139000
0.256048	433.239000
0.256104	433.339000
0.256149	433.439000
0.256228	433.539000
0.256265	433.639000
0.256318	433.739000
0.256422	433.839000
0.256462	433.939000
0.256525	434.039000
0.256555	434.139000
0.256578	434.239000
0.256625	434.339000
0.256633	434.439000
0.243532	434.539000
0.213044	434.639000
0.197774	434.739000
0.195431	434.839000
0.199548	434.939000
0.206138	435.039000
0.213304	435.139000
0.219882	435.239000
0.225389	435.339000
0.229837	435.439000
0.233142	435.539000
0.235607	435.639000
0.237422	435.739000
0.238738	435.839000
0.239778	435.939000
0.240518	436.039000
0.241082	436.139000
0.241562	436.239000
0.241879	436.339000
0.242202	436.439000
0.242486	436.539000
0.242639	436.639000
0.242811	436.739000
0.242975	436.839000
0.243112	436.939000
0.243228	437.039000
0.243293	437.139000
0.243379	437.239000
0.243474	437.339000
0.243524	437.439000
0.243649	437.539000
0.243732	437.639000
0.243776	437.739000
0.243843	437.839000
0.243843	437.939000
0.243885	438.039000
0.243880	438.139000
0.243901	438.239000
0.242004	438.339000
0.218016	438.439000
0.194998	438.539000
0.187011	438.639000
0.188070	438.739000
0.193344	438.839000
0.200038	438.939000
0.206612	439.039000
0.212449	439.139000
0.217190	439.239000
0.220854	439.339000
0.223640	439.439000
0.225628	439.539000
0.227094	439.639000
0.228204	439.739000
0.228976	439.839000
0.229621	439.939000
0.230112	440.039000
0.230462	440.139000
0.230775	440.239000
0.230978	440.339000
0.231223	440.439000
0.231432	440.539000
0.231515	440.639000
0.231652	440.739000
0.231718	440.839000
0.231796	440.939000
0.231891	441.039000
0.231932	441.140000
0.232018	441.239000
0.232128	441.339000
0.232168	441.439000
0.232248	441.539000
0.232336	441.639000
0.232359	441.740000
0.232381	441.839000
0.232358	441.939000
0.232415	442.039000
0.232489	442.139000
0.232464	442.239000
0.232515	442.339000
0.232506	442.439000
0.232558	442.539000
0.224056	442.639000
0.197588	442.739000
0.182665	442.839000
0.179634	442.939000
0.182721	443.039000
0.188371	443.139000
0.194585	443.239000
0.200367	443.339000
0.205305	443.439000
0.209234	443.539000
0.212330	443.639000
0.214646	443.739000
0.216284	443.839000
0.217498	443.939000
0.218341	444.039000
0.219003	444.139000
0.219565	444.239000
0.219893	444.339000
0.220213	444.439000
0.220499	444.539000
0.220715	444.639000
0.220894	444.739000
0.221051	444.839000
0.221135	444.939000
0.221228	445.039000
0.221311	445.139000
0.221397	445.239000
0.221528	445.339000
0.221553	445.439000
0.221625	445.539000
0.221643	445.639000
0.221681	445.739000
0.221769	445.839000
0.221770	445.939000
0.221795	446.039000
0.221867	446.139000
0.221901	446.239000
0.221957	446.339000
0.221953	446.439000
0.221965	446.539000
0.222036	446.639000
0.222013	446.739000
0.222016	446.839000
0.222072	446.939000
0.222007	447.039000
0.222078	447.139000
0.222104	447.239000
0.222063	447.339000
0.222093	447.439000
0.222091	447.539000
0.222149	447.639000
0.215274	447.739000
0.191008	447.839000
0.176455	447.939000
0.173112	448.039000
0.175731	448.139000
0.180897	448.239000
0.186605	448.339000
0.191941	448.439000
0.196583	448.539000
0.200325	448.639000
0.203206	448.739000
0.205374	448.839000
0.206885	448.939000
0.208082	449.039000
0.208933	449.139000
0.209551	449.239000
0.210033	449.339000
0.210404	449.439000
0.210719	449.539000
0.210983	449.639000
0.211132	449.739000
0.211308	449.839000
0.211404	449.939000
0.211487	450.039000
0.211596	450.139000
0.211662	450.239000
0.211743	450.339000
0.211843	450.439000
0.211908	450.540000
0.211980	450.640000
0.212014	450.739000
0.212014	450.839000
0.212085	450.939000
0.212097	451.039000
0.212159	451.139000
0.212244	451.239000
0.212190	451.339000
0.212253	451.439000
0.212277	451.539000
0.212302	451.639000
0.212363	451.739000
0.212318	451.839000
0.212333	451.939000
0.212392	452.039000
0.212410	452.139000
0.212490	452.239000
0.212432	452.339000
0.212423	452.439000
0.204913	452.539000
0.182207	452.639000
0.169460	452.739000
0.166942	452.839000
0.169649	452.939000
0.174606	453.039000
0.179962	453.139000
0.184857	453.239000
0.189160	453.339000
0.192575	453.439000
0.195160	453.539000
0.197156	453.639000
0.198588	453.739000
0.199663	453.839000
0.200479	453.939000
0.201047	454.039000
0.201560	454.140000
0.201889	454.239000
0.202136	454.339000
0.202405	454.439000
0.202577	454.539000
0.202782	454.639000
0.202875	454.739000
0.202918	454.839000
0.203040	454.939000
0.203080	455.039000
0.203153	455.139000
0.203206	455.239000
0.203217	455.339000
0.203325	455.439000
0.203360	455.539000
0.203391	455.639000
0.203449	455.739000
0.203480	455.839000
0.203481	455.939000
0.203576	456.039000
0.203543	456.139000
0.203570	456.239000
0.203588	456.339000
0.203606	456.439000
0.199265	456.539000
0.178605	456.639000
0.164656	456.739000
0.160922	456.839000
0.162811	456.939000
0.167238	457.039000
0.172376	457.139000
0.177280	457.239000
0.181501	457.339000
0.184855	457.439000
0.187427	457.539000
0.189433	457.639000
0.190826	457.739000
0.191865	457.839000
0.192629	457.939000
0.193164	458.039000
0.193609	458.139000
0.193936	458.239000
0.194216	458.339000
0.194453	458.439000
0.194612	458.539000
0.194743	458.639000
0.194857	458.739000
0.194941	458.839000
0.195067	458.939000
0.195125	459.039000
0.195205	459.139000
0.195247	459.239000
0.195308	459.339000
0.195342	459.439000
0.195351	459.539000
0.195392	459.639000
0.195476	459.739000
0.195542	459.839000
0.195538	459.939000
0.195646	460.039000
0.195608	460.139000
0.195625	460.239000
0.195630	460.339000
0.195629	460.439000
0.195660	460.539000
0.195686	460.639000
0.195672	460.739000
0.195736	460.839000
0.195748	460.939000
0.195763	461.039000
0.195770	461.139000
0.195754	461.240000
0.195777	461.339000
0.195790	461.439000
0.195747	461.539000
0.195802	461.639000
0.195778	461.739000
0.195797	461.839000
0.195799	461.939000
0.195805	462.039000
0.195805	462.139000
0.195828	462.239000
0.192532	462.339000
0.173941	462.439000
0.160397	462.539000
0.156642	462.639000
0.158281	462.739000
0.162152	462.839000
0.166780	462.939000
0.171136	463.039000
0.174916	463.139000
0.178064	463.239000
0.180507	463.339000
0.182364	463.439000
0.183748	463.539000
0.184736	463.639000
0.185472	463.739000
0.186020	463.839000
0.186386	463.939000
0.186737	464.039000
0.186974	464.139000
0.187187	464.239000
0.187327	464.339000
0.187450	464.439000
0.187584	464.539000
0.187661	464.639000
0.187720	464.739000
0.187753	464.839000
0.187797	464.939000
0.187892	465.039000
0.187958	465.139000
0.187983	465.239000
0.188064	465.339000
0.188080	465.439000
0.188117	465.539000
0.188217	465.639000
0.188157	465.739000
0.188164	465.839000
0.188230	465.939000
0.188189	466.039000
0.188219	466.139000
0.188277	466.239000
0.188282	466.339000
0.188319	466.439000
0.188336	466.539000
0.188319	466.639000
0.188340	466.739000
0.188338	466.839000
0.188329	466.939000
0.188312	467.039000
0.188276	467.139000
0.188343	467.239000
0.188413	467.339000
0.185297	467.439000
0.167833	467.539000
0.155089	467.639000
0.151498	467.739000
0.153054	467.839000
0.156779	467.939000
0.161199	468.039000
0.165328	468.139000
0.168902	468.239000
0.171941	468.339000
0.174204	468.439000
0.175952	468.539000
0.177232	468.639000
0.178119	468.739000
0.178871	468.839000
0.179387	468.939000
0.179731	469.039000
0.180061	469.139000
0.180280	469.239000
0.180467	469.339000
0.180670	469.439000
0.180796	469.539000
0.180924	469.639000
0.180959	469.739000
0.181009	469.839000
0.181113	469.939000
0.181118	470.039000
0.181135	470.139000
0.181209	470.239000
0.181188	470.339000
0.181273	470.439000
0.181276	470.539000
0.181293	470.639000
0.181346	470.739000
0.181340	470.839000
0.181286	470.939000
0.171757	471.039000
0.155129	471.139000
0.147386	471.239000
0.146629	471.339000
0.149344	471.439000
0.153391	471.539000
0.157659	471.639000
0.161518	471.739000
0.164752	471.839000
0.167289	471.939000
0.169190	472.039000
0.170670	472.139000
0.171673	472.239000
0.172406	472.339000
0.172957	472.439000
0.173460	472.539000
0.173745	472.639000
0.173954	472.739000
0.174171	472.839000
0.174323	472.939000
0.174426	473.039000
0.174544	473.139000
0.174695	473.239000
0.174788	473.339000
0.174932	473.439000
0.174935	473.539000
0.174942	473.639000
0.174996	473.739000
0.175036	473.839000
0.175083	473.939000
0.175135	474.039000
0.175180	474.139000
0.175215	474.239000
0.175173	474.339000
0.175216	474.439000
0.175220	474.539000
0.175201	474.639000
0.175248	474.739000
0.175278	474.839000
0.175301	474.939000
0.175390	475.039000
0.175328	475.139000
0.175397	475.239000
0.175431	475.339000
0.175376	475.439000
0.175444	475.539000
0.175456	475.639000
0.175454	475.739000
0.175464	475.839000
0.175454	475.939000
0.175480	476.039000
0.175528	476.139000
0.175387	476.239000
0.166557	476.339000
0.151105	476.439000
0.143882	476.539000
0.143162	476.639000
0.145588	476.739000
0.149309	476.839000
0.153192	476.939000
0.156673	477.039000
0.159616	477.139000
0.161995	477.239000
0.163814	477.339000
0.165213	477.439000
0.166221	477.539000
0.166932	477.639000
0.167454	477.739000
0.167870	477.839000
0.168167	477.939000
0.168432	478.039000
0.168625	478.139000
0.168820	478.239000
0.168925	478.339000
0.169033	478.439000
0.169132	478.539000
0.169176	478.639000
0.169245	478.739000
0.169310	478.839000
0.169308	478.939000
0.169351	479.039000
0.169366	479.139000
0.169409	479.239000
0.169481	479.339000
0.169474	479.439000
0.169518	479.539000
0.169519	479.639000
0.169579	479.739000
0.169625	479.839000
0.169627	479.939000
0.169579	480.039000
0.169634	480.139000
0.169593	480.239000
0.169672	480.339000
0.169704	480.439000
0.169688	480.539000
0.169695	480.639000
0.169712	480.739000
0.169652	480.839000
0.169721	480.939000
0.169718	481.039000
0.169695	481.139000
0.169717	481.239000
0.169698	481.339000
0.169731	481.439000
0.169738	481.539000
0.163501	481.639000
0.148677	481.739000
0.140684	481.839000
0.139246	481.939000
0.141261	482.039000
0.144697	482.139000
0.148347	482.239000
0.151667	482.339000
0.154516	482.439000
0.156876	482.539000
0.158706	482.639000
0.160053	482.739000
0.161015	482.839000
0.161707	482.939000
0.162189	483.039000
0.162559	483.139000
0.162840	483.239000
0.163088	483.339000
0.163266	483.439000
0.163450	483.539000
0.163577	483.639000
0.163677	483.739000
0.163781	483.839000
0.163857	483.939000
0.163888	484.039000
0.163990	484.139000
0.163978	484.239000
0.164000	484.339000
0.164085	484.439000
0.164085	484.539000
0.164106	484.639000
0.164151	484.739000
0.164206	484.839000
0.164247	484.939000
0.164223	485.039000
0.164231	485.139000
0.164314	485.239000
0.164298	485.340000
0.164331	485.439000
0.164317	485.539000
0.164303	485.639000
0.164363	485.739000
0.164328	485.839000
0.164338	485.939000
0.164360	486.039000
0.164310	486.139000
0.164378	486.239000
0.164343	486.339000
0.164318	486.439000
0.164364	486.539000
0.164404	486.639000
0.164446	486.739000
0.164458	486.839000
0.164433	486.939000
0.164438	487.039000
0.164387	487.139000
0.164344	487.239000
0.164388	487.339000
0.164426	487.439000
0.164435	487.539000
0.164490	487.639000
0.158903	487.739000
0.144833	487.839000
0.137176	487.939000
0.135735	488.039000
0.137591	488.139000
0.140773	488.239000
0.144181	488.339000
0.147394	488.439000
0.150093	488.539000
0.152288	488.639000
0.154005	488.739000
0.155229	488.839000
0.156155	488.939000
0.156836	489.039000
0.157377	489.139000
0.157749	489.239000
0.158031	489.339000
0.158226	489.439000
0.158446	489.539000
0.158526	489.639000
0.158671	489.739000
0.158768	489.839000
0.158796	489.939000
0.158843	490.039000
0.158907	490.139000
0.158963	490.239000
0.159040	490.339000
0.159060	490.439000
0.159104	490.539000
0.159127	490.639000
0.159148	490.739000
0.159227	490.839000
0.159188	490.939000
0.159230	491.039000
0.159275	491.140000
0.159305	491.239000
0.159323	491.339000
0.159367	491.439000
0.159338	491.539000
0.159366	491.639000
0.159353	491.739000
0.159390	491.839000
0.159412	491.939000
0.159338	492.039000
0.159362	492.139000
0.159353	492.239000
0.159344	492.339000
0.159392	492.439000
0.157688	492.539000
0.145362	492.639000
0.135329	492.739000
0.132118	492.839000
0.132993	492.939000
0.135698	493.039000
0.138993	493.139000
0.142233	493.239000
0.145013	493.339000
0.147235	493.439000
0.149048	493.539000
0.150397	493.639000
0.151375	493.739000
0.152116	493.839000
0.152629	493.939000
0.153032	494.039000
0.153332	494.139000
0.153532	494.239000
0.153745	494.339000
0.153844	494.439000
0.153968	494.539000
0.154075	494.639000
0.154095	494.739000
0.154232	494.839000
0.154307	494.939000
0.154345	495.039000
0.154424	495.139000
0.154450	495.239000
0.154477	495.339000
0.154534	495.439000
0.154569	495.539000
0.154617	495.639000
0.154604	495.739000
0.154602	495.839000
0.154650	495.939000
0.154672	496.039000
0.154695	496.139000
0.154767	496.239000
0.154749	496.339000
0.154786	496.439000
0.154765	496.539000
0.154739	496.639000
0.154792	496.739000
0.154782	496.839000
0.154761	496.939000
0.154796	497.039000
0.154790	497.139000
0.154819	497.239000
0.154857	497.339000
0.154873	497.439000
0.154884	497.539000
0.154835	497.639000
0.154825	497.739000
0.154855	497.839000
0.154869	497.939000
0.154910	498.039000
0.154885	498.139000
0.154895	498.239000
0.154908	498.339000
0.154895	498.439000
0.154878	498.539000
0.154895	498.639000
0.154785	498.739000
0.147571	498.839000
0.135613	498.939000
0.129959	499.039000
0.129381	499.139000
0.131301	499.239000
0.134274	499.339000
0.137381	499.440000
0.140173	499.539000
0.142526	499.639000
0.144387	499.739000
0.145837	499.839000
0.146904	499.939000
0.147703	500.039000
0.148257	500.139000
0.148699	500.239000
0.149058	500.339000
0.149326	500.439000
0.149481	500.539000
0.149553	500.639000
0.149679	500.739000
0.149804	500.839000
0.149912	500.939000
0.149994	501.039000
0.150044	501.139000
0.150096	501.239000
0.150143	501.339000
0.150137	501.439000
0.150217	501.539000
0.150239	501.639000
0.150238	501.739000
0.150277	501.839000
0.150338	501.939000
0.150342	502.039000
0.150364	502.139000
0.150356	502.239000
0.150332	502.339000
0.150371	502.439000
0.150424	502.539000
0.150479	502.639000
0.150466	502.739000
0.150472	502.839000
0.150511	502.939000
0.150450	503.039000
0.150492	503.139000
0.150505	503.239000
0.150479	503.339000
0.150519	503.439000
0.150510	503.539000
0.150562	503.639000
0.150564	503.739000
0.150522	503.839000
0.150549	503.939000
0.150645	504.039000
0.150599	504.139000
0.150591	504.239000
0.150525	504.339000
0.150520	504.440000
0.150560	504.539000
0.150548	504.639000
0.149818	504.739000
0.140039	504.839000
0.130104	504.939000
0.126361	505.039000
0.126690	505.139000
0.128968	505.239000
0.131890	505.339000
0.134751	505.439000
0.137355	505.539000
0.139412	505.639000
0.141045	505.739000
0.142336	505.839000
0.143288	505.939000
0.144026	506.039000
0.144517	506.139000
0.144831	506.239000
0.145111	506.339000
0.145338	506.439000
0.145473	506.539000
0.145611	506.639000
0.145707	506.739000
0.145816	506.839000
0.145936	506.939000
0.145974	507.039000
0.146035	507.139000
0.146077	507.239000
0.146096	507.339000
0.146176	507.439000
0.146215	507.539000
0.146212	507.639000
0.146268	507.739000
0.146277	507.839000
0.146271	507.939000
0.146314	508.039000
0.146300	508.139000
0.146333	508.239000
0.146365	508.339000
0.146350	508.439000
0.146387	508.539000
0.146370	508.639000
0.146398	508.739000
0.146386	508.839000
0.146379	508.939000
0.146411	509.039000
0.146431	509.139000
0.141854	509.239000
0.130571	509.339000
0.124295	509.439000
0.123043	509.539000
0.124554	509.639000
0.127185	509.739000
0.130075	509.839000
0.132732	509.939000
0.134940	510.039000
0.136805	510.139000
0.138139	510.239000
0.139197	510.339000
0.140001	510.439000
0.140520	510.539000
0.140974	510.639000
0.141278	510.739000
0.141427	510.839000
0.141621	510.939000
0.141766	511.039000
0.141909	511.139000
0.142033	511.239000
0.142082	511.339000
0.142169	511.439000
0.142250	511.539000
0.142316	511.639000
0.142340	511.739000
0.142371	511.839000
0.142417	511.939000
0.142481	512.039000
0.142446	512.139000
0.142499	512.239000
0.142533	512.339000
0.142518	512.439000
0.142549	512.539000
0.142561	512.639000
0.142574	512.739000
0.142655	512.839000
0.142644	512.939000
0.142682	513.039000
0.142674	513.139000
0.142634	513.239000
0.142674	513.339000
0.142707	513.439000
0.142671	513.539000
0.142724	513.639000
0.142730	513.739000
0.142734	513.839000
0.142755	513.939000
0.142734	514.039000
0.142735	514.139000
0.142743	514.239000
0.142743	514.339000
0.142766	514.439000
0.142741	514.539000
0.142747	514.639000
0.142772	514.739000
0.142747	514.839000
0.142773	514.939000
0.142774	515.039000
0.142740	515.139000
0.142786	515.239000
0.142775	515.339000
0.142769	515.439000
0.142788	515.539000
0.142792	515.639000
0.142794	515.739000
0.142798	515.839000
0.142749	515.939000
0.142783	516.039000
0.142760	516.139000
0.142729	516.239000
0.142763	516.339000
0.142361	516.439000
0.134455	516.539000
0.125080	516.639000
0.121230	516.739000
0.121275	516.839000
0.123192	516.939000
0.125767	517.039000
0.128416	517.139000
0.130688	517.239000
0.132659	517.339000
0.134185	517.439000
0.135340	517.539000
0.136235	517.639000
0.136865	517.739000
0.137294	517.839000
0.137662	517.939000
0.137886	518.039000
0.138085	518.139000
0.138239	518.239000
0.138323	518.339000
0.138507	518.439000
0.138567	518.539000
0.138608	518.639000
0.138688	518.739000
0.138755	518.839000
0.138811	518.939000
0.138844	519.039000
0.138864	519.139000
0.138900	519.239000
0.138900	519.339000
0.138925	519.439000
0.138997	519.539000
0.139000	519.639000
0.139001	519.739000
0.139010	519.839000
0.138985	519.939000
0.139047	520.039000
0.139042	520.139000
0.139115	520.239000
0.139138	520.339000
0.139088	520.439000
0.139130	520.539000
0.139144	520.639000
0.139084	520.739000
0.139149	520.839000
0.139167	520.939000
0.139180	521.039000
0.139214	521.139000
0.139173	521.239000
0.139150	521.339000
0.139180	521.439000
0.139168	521.539000
0.139169	521.639000
0.139190	521.739000
0.139199	521.839000
0.139241	521.939000
0.139190	522.039000
0.139196	522.139000
0.139218	522.239000
0.139189	522.339000
0.139160	522.439000
0.139174	522.539000
0.139169	522.639000
0.139231	522.739000
0.139212	522.839000
0.139225	522.939000
0.139228	523.039000
0.139186	523.139000
0.139185	523.239000
0.139178	523.339000
0.139130	523.439000
0.139200	523.539000
0.139211	523.640000
0.139188	523.739000
0.139215	523.839000
0.139181	523.939000
0.139194	524.039000
0.139194	524.139000
0.139145	524.239000
0.139165	524.339000
0.139170	524.439000
0.139185	524.539000
0.139209	524.639000
0.139221	524.739000
0.135410	524.839000
0.125520	524.939000
0.119840	525.039000
0.118684	525.139000
0.119906	525.239000
0.122188	525.339000
0.124744	525.439000
0.126997	525.539000
0.129039	525.639000
0.130604	525.739000
0.131749	525.839000
0.132684	525.939000
0.133353	526.039000
0.133840	526.139000
0.134232	526.239000
0.134469	526.339000
0.134697	526.439000
0.134867	526.539000
0.134948	526.639000
0.135090	526.739000
0.135185	526.839000
0.135235	526.939000
0.135322	527.039000
0.135308	527.139000
0.135374	527.239000
0.135418	527.339000
0.135423	527.439000
0.135517	527.539000
0.135524	527.639000
0.135591	527.739000
0.135619	527.840000
0.135603	527.939000
0.135594	528.039000
0.135624	528.139000
0.135633	528.239000
0.135671	528.339000
0.135648	528.439000
0.135676	528.539000
0.135700	528.639000
0.135690	528.740000
0.135753	528.839000
0.135753	528.939000
0.135699	529.039000
0.135742	529.139000
0.135715	529.239000
0.135676	529.339000
0.135732	529.439000
0.135731	529.539000
0.135755	529.639000
0.135794	529.739000
0.135831	529.839000
0.135822	529.939000
0.135801	530.039000
0.135799	530.139000
0.135791	530.239000
0.135754	530.339000
0.135726	530.439000
0.135745	530.539000
0.135734	530.639000
0.135766	530.739000
0.135757	530.839000
0.135781	530.939000
0.135876	531.039000
0.135831	531.139000
0.135789	531.239000
0.135756	531.339000
0.135726	531.439000
0.135741	531.539000
0.135737	531.639000
0.135689	531.739000
0.135748	531.839000
0.135780	531.939000
0.135039	532.039000
0.126908	532.139000
0.119099	532.239000
0.116209	532.339000
0.116491	532.439000
0.118327	532.539000
0.120704	532.639000
0.123032	532.739000
0.125153	532.839000
0.126876	532.939000
0.128200	533.039000
0.129240	533.139000
0.129981	533.239000
0.130488	533.339000
0.130918	533.440000
0.131186	533.539000
0.131442	533.639000
0.131653	533.739000
0.131740	533.839000
0.131892	533.939000
0.131998	534.039000
0.132028	534.139000
0.132103	534.239000
0.132129	534.339000
0.132169	534.439000
0.132267	534.539000
0.132273	534.639000
0.132305	534.739000
0.132356	534.839000
0.132361	534.939000
0.132413	535.039000
0.132414	535.139000
0.132396	535.239000
0.132398	535.339000
0.132409	535.439000
0.132434	535.539000
0.132468	535.639000
0.132456	535.739000
0.132497	535.839000
0.132488	535.939000
0.132487	536.039000
0.132551	536.139000
0.132535	536.239000
0.132530	536.339000
0.132212	536.439000
0.125340	536.539000
0.117085	536.639000
0.113627	536.739000
0.113561	536.839000
0.115267	536.939000
0.117566	537.039000
0.119880	537.139000
0.121985	537.239000
0.123674	537.339000
0.125029	537.439000
0.126085	537.539000
0.126845	537.639000
0.127479	537.739000
0.127920	537.839000
0.128208	537.939000
0.128446	538.039000
0.128624	538.139000
0.128744	538.239000
0.128845	538.339000
0.128967	538.439000
0.129079	538.539000
0.129089	538.639000
0.129125	538.739000
0.129219	538.839000
0.129240	538.939000
0.129257	539.039000
0.129331	539.139000
0.129355	539.239000
0.129413	539.340000
0.129427	539.439000
0.129466	539.539000
0.129523	539.639000
0.129499	539.739000
0.129525	539.839000
0.129510	539.939000
0.129448	540.039000
0.129508	540.139000
0.129502	540.239000
0.129507	540.339000
0.129550	540.439000
0.129582	540.539000
0.129611	540.639000
0.129610	540.739000
0.129631	540.839000
0.129675	540.939000
0.129655	541.039000
0.129673	541.139000
0.129719	541.239000
0.129688	541.339000
0.129724	541.439000
0.129701	541.539000
0.129657	541.639000
0.129738	541.739000
0.129738	541.839000
0.129712	541.939000
0.129663	542.039000
0.129632	542.139000
0.129693	542.239000
0.129716	542.339000
0.129696	542.439000
0.129696	542.539000
0.129668	542.639000
0.129674	542.739000
0.129722	542.839000
0.129698	542.939000
0.129651	543.039000
0.128761	543.139000
0.121001	543.239000
0.114030	543.339000
0.111618	543.439000
0.112018	543.539000
0.113794	543.639000
0.115978	543.739000
0.118112	543.839000
0.120005	543.939000
0.121563	544.039000
0.122832	544.139000
0.123779	544.239000
0.124437	544.339000
0.124982	544.439000
0.125343	544.539000
0.125608	544.639000
0.125812	544.739000
0.125926	544.839000
0.126104	544.939000
0.126229	545.039000
0.126267	545.139000
0.126346	545.239000
0.126379	545.339000
0.126403	545.439000
0.126469	545.539000
0.126527	545.639000
0.126604	545.740000
0.126611	545.839000
0.126576	545.939000
0.126665	546.039000
0.126682	546.139000
0.126689	546.239000
0.126704	546.339000
0.126698	546.439000
0.126727	546.539000
0.126737	546.639000
0.126733	546.739000
0.126790	546.839000
0.126790	546.939000
0.126821	547.039000
0.126850	547.139000
0.126803	547.239000
0.126832	547.339000
0.126836	547.439000
0.126816	547.539000
0.126853	547.639000
0.126879	547.739000
0.126865	547.839000
0.126924	547.939000
0.126812	548.039000
0.126823	548.139000
0.126855	548.239000
0.126853	548.339000
0.126891	548.439000
0.126861	548.539000
0.126848	548.639000
0.126879	548.739000
0.126857	548.839000
0.126870	548.939000
0.126843	549.039000
0.126482	549.139000
0.120258	549.239000
0.112942	549.339000
0.109834	549.439000
0.109810	549.539000
0.111318	549.639000
0.113356	549.739000
0.115467	549.839000
0.117270	549.939000
0.118827	550.039000
0.120101	550.139000
0.120990	550.239000
0.121730	550.339000
0.122246	550.439000
0.122646	550.539000
0.122923	550.639000
0.123093	550.739000
0.123255	550.839000
0.123358	550.939000
0.123436	551.039000
0.123534	551.139000
0.123614	551.239000
0.123682	551.339000
0.123759	551.439000
0.123786	551.539000
0.123816	551.639000
0.123878	551.739000
0.123920	551.839000
0.123961	551.939000
0.123964	552.039000
0.124017	552.139000
0.124056	552.239000
0.124015	552.339000
0.124043	552.439000
0.124048	552.539000
0.124064	552.639000
0.124132	552.739000
0.124109	552.839000
0.124110	552.939000
0.124164	553.039000
0.124149	553.139000
0.124157	553.239000
0.124164	553.339000
0.124174	553.439000
0.124202	553.539000
0.124176	553.639000
0.124188	553.739000
0.124170	553.839000
0.124173	553.939000
0.124183	554.039000
0.124211	554.139000
0.124211	554.239000
0.124207	554.339000
0.124229	554.439000
0.124251	554.539000
0.124267	554.639000
0.124217	554.739000
0.124245	554.839000
0.124244	554.939000
0.123484	555.039000
0.116692	555.139000
0.110089	555.239000
0.107553	555.339000
0.107822	555.439000
0.109341	555.539000
0.111346	555.639000
0.113410	555.739000
0.115137	555.839000
0.116622	555.939000
0.117822	556.039000
0.118706	556.139000
0.119360	556.239000
0.119835	556.340000
0.120188	556.439000
0.120454	556.539000
0.120627	556.639000
0.120806	556.739000
0.120883	556.839000
0.120993	556.939000
0.121079	557.039000
0.121135	557.139000
0.121167	557.239000
0.121235	557.339000
0.121242	557.439000
0.121307	557.539000
0.121364	557.639000
0.121388	557.739000
0.121409	557.839000
0.121410	557.939000
0.121464	558.039000
0.121502	558.139000
0.121508	558.239000
0.121505	558.339000
0.121510	558.439000
0.121494	558.539000
0.121529	558.639000
0.121564	558.739000
0.121579	558.839000
0.121601	558.939000
0.121575	559.039000
0.121581	559.139000
0.121598	559.239000
0.121618	559.339000
0.121614	559.439000
0.121611	559.539000
0.121653	559.639000
0.121672	559.739000
0.121658	559.839000
0.121674	559.939000
0.121661	560.039000
0.121657	560.139000
0.121651	560.239000
0.121651	560.339000
0.121683	560.439000
0.121692	560.539000
0.121707	560.639000
0.119826	560.739000
0.112314	560.839000
0.107072	560.939000
0.105625	561.039000
0.106290	561.139000
0.107990	561.239000
0.110006	561.339000
0.111843	561.439000
0.113491	561.539000
0.114824	561.639000
0.115835	561.739000
0.116635	561.839000
0.117222	561.939000
0.117634	562.039000
0.117944	562.139000
0.118138	562.239000
0.118273	562.339000
0.118446	562.439000
0.118544	562.539000
0.118645	562.639000
0.118694	562.739000
0.118757	562.839000
0.118829	562.939000
0.118822	563.039000
0.118879	563.139000
0.118937	563.239000
0.118923	563.339000
0.118993	563.439000
0.119035	563.539000
0.119008	563.639000
0.119032	563.739000
0.119034	563.839000
0.119062	563.939000
0.119109	564.039000
0.119102	564.139000
0.119138	564.239000
0.119134	564.339000
0.119112	564.439000
0.119155	564.539000
0.119169	564.639000
0.119134	564.739000
0.119158	564.839000
0.119138	564.939000
0.119184	565.039000
0.119186	565.139000
0.119197	565.239000
0.119221	565.339000
0.119198	565.439000
0.119199	565.539000
0.119234	565.639000
0.119231	565.739000
0.119240	565.839000
0.119268	565.939000
0.119277	566.039000
0.119283	566.139000
0.119242	566.239000
0.119267	566.339000
0.119305	566.439000
0.119252	566.539000
0.119243	566.639000
0.119280	566.739000
0.119267	566.839000
0.119361	566.939000
0.119288	567.039000
0.119298	567.139000
0.119367	567.240000
0.116583	567.339000
0.109295	567.439000
0.104944	567.539000
0.103874	567.639000
0.104746	567.739000
0.106404	567.839000
0.108269	567.939000
0.110095	568.039000
0.111603	568.139000
0.112834	568.239000
0.113759	568.339000
0.114433	568.439000
0.114997	568.539000
0.115409	568.639000
0.115649	568.739000
0.115912	568.839000
0.116052	568.939000
0.116164	569.039000
0.116288	569.139000
0.116384	569.239000
0.116427	569.339000
0.116469	569.439000
0.116474	569.539000
0.116565	569.639000
0.116601	569.739000
0.116632	569.839000
0.116691	569.939000
0.116688	570.039000
0.116744	570.139000
0.116748	570.239000
0.116710	570.339000
0.116751	570.439000
0.116763	570.539000
0.116775	570.639000
0.116828	570.739000
0.116824	570.839000
0.116844	570.939000
0.116849	571.039000
0.116860	571.139000
0.116896	571.239000
0.116884	571.339000
0.116879	571.439000
0.116926	571.539000
0.116897	571.639000
0.116947	571.739000
0.116955	571.839000
0.116939	571.939000
0.116984	572.039000
0.116972	572.139000
0.116971	572.239000
0.116946	572.339000
0.116941	572.439000
0.116964	572.539000
0.116959	572.639000
0.116951	572.739000
0.117041	572.839000
0.117055	572.939000
0.117030	573.039000
0.117046	573.139000
0.117086	573.239000
0.117010	573.339000
0.117042	573.439000
0.116964	573.539000
0.117001	573.639000
0.117022	573.739000
0.117015	573.839000
0.117001	573.939000
0.116989	574.039000
0.117002	574.139000
0.116982	574.239000
0.116988	574.339000
0.116982	574.439000
0.116976	574.539000
0.116990	574.639000
0.117003	574.739000
0.116969	574.839000
0.116968	574.939000
0.116956	575.039000
0.116928	575.139000
0.116951	575.239000
0.116948	575.339000
0.116949	575.439000
0.116970	575.539000
0.116982	575.639000
0.116966	575.739000
0.116947	575.839000
0.116944	575.939000
0.116956	576.040000
0.116237	576.139000
0.110192	576.239000
0.104600	576.339000
0.102408	576.439000
0.102627	576.539000
0.104014	576.639000
0.105773	576.739000
0.107594	576.839000
0.109120	576.939000
0.110356	577.039000
0.111336	577.139000
0.112056	577.239000
0.112654	577.339000
0.113097	577.439000
0.113434	577.539000
0.113672	577.639000
0.113838	577.739000
0.113949	577.839000
0.114069	577.939000
0.114122	578.039000
0.114211	578.139000
0.114282	578.239000
0.114271	578.339000
0.114348	578.439000
0.114404	578.539000
0.114414	578.639000
0.114465	578.739000
0.114471	578.839000
0.114453	578.939000
0.114499	579.039000
0.114530	579.139000
0.114550	579.239000
0.114543	579.339000
0.114568	579.439000
0.114603	579.540000
0.114579	579.639000
0.114587	579.739000
0.114677	579.839000
0.114655	579.939000
0.114662	580.039000
0.114646	580.139000
0.114633	580.239000
0.114658	580.339000
0.114686	580.439000
0.114694	580.539000
0.114748	580.639000
0.114696	580.739000
0.114664	580.839000
0.114725	580.939000
0.114730	581.039000
0.114711	581.139000
0.114683	581.239000
0.114659	581.339000
0.114697	581.439000
0.114722	581.539000
0.114723	581.639000
0.114734	581.739000
0.114710	581.839000
0.114735	581.939000
0.114742	582.039000
0.114692	582.139000
0.114781	582.239000
0.114741	582.339000
0.114703	582.439000
0.114755	582.539000
0.114730	582.639000
0.114746	582.739000
0.114738	582.839000
0.114736	582.939000
0.114757	583.039000
0.114157	583.139000
0.108444	583.239000
0.102949	583.339000
0.100747	583.439000
0.100869	583.539000
0.102162	583.639000
0.103809	583.739000
0.105525	583.839000
0.107011	583.939000
0.108270	584.039000
0.109279	584.139000
0.110040	584.239000
0.110618	584.340000
0.111015	584.439000
0.111339	584.539000
0.111558	584.639000
0.111692	584.739000
0.111797	584.839000
0.111895	584.939000
0.112006	585.039000
0.112075	585.139000
0.112154	585.239000
0.112211	585.339000
0.112294	585.439000
0.112298	585.539000
0.112324	585.639000
0.112376	585.739000
0.112355	585.839000
0.112387	585.939000
0.112436	586.039000
0.112414	586.139000
0.112450	586.239000
0.112520	586.339000
0.112484	586.440000
0.112526	586.539000
0.112508	586.639000
0.112526	586.739000
0.112505	586.839000
0.112494	586.939000
0.112525	587.039000
0.112517	587.139000
0.112499	587.239000
0.112522	587.339000
0.112558	587.439000
0.112565	587.539000
0.112556	587.639000
0.112541	587.739000
0.112597	587.839000
0.112594	587.939000
0.112589	588.039000
0.112653	588.139000
0.112648	588.239000
0.112650	588.339000
0.112698	588.439000
0.112630	588.539000
0.112651	588.639000
0.112611	588.739000
0.112563	588.839000
0.112604	588.939000
0.112621	589.039000
0.112622	589.139000
0.112645	589.239000
0.112615	589.339000
0.112647	589.439000
0.112610	589.539000
0.112593	589.639000
0.112647	589.739000
0.112625	589.839000
0.112598	589.939000
0.112599	590.039000
0.112613	590.139000
0.112666	590.239000
0.112681	590.339000
0.111508	590.439000
0.105444	590.539000
0.100717	590.639000
0.099043	590.739000
0.099469	590.839000
0.100808	590.939000
0.102440	591.039000
0.104062	591.139000
0.105438	591.239000
0.106628	591.339000
0.107517	591.439000
0.108189	591.539000
0.108778	591.639000
0.109101	591.739000
0.109363	591.839000
0.109603	591.939000
0.109775	592.039000
0.109902	592.139000
0.109984	592.239000
0.110045	592.339000
0.110157	592.439000
0.110169	592.539000
0.110230	592.639000
0.110263	592.739000
0.110248	592.839000
0.110281	592.939000
0.110322	593.039000
0.110326	593.139000
0.110378	593.239000
0.110426	593.339000
0.110434	593.439000
0.110442	593.539000
0.110390	593.639000
0.110446	593.739000
0.110473	593.839000
0.110439	593.939000
0.110524	594.039000
0.110547	594.139000
0.110571	594.239000
0.110612	594.339000
0.110607	594.439000
0.110584	594.539000
0.110555	594.639000
0.110527	594.739000
0.110537	594.839000
0.110519	594.939000
0.110518	595.039000
0.110564	595.139000
0.110565	595.239000
0.110603	595.339000
0.110633	595.439000
0.110580	595.539000
0.110564	595.639000
0.110602	595.739000
0.110596	595.839000
0.110616	595.939000
0.110577	596.039000
0.110600	596.139000
0.110652	596.239000
0.110604	596.339000
0.110591	596.439000
0.110579	596.539000
0.110608	596.639000
0.110637	596.739000
0.110600	596.839000
0.110572	596.939000
0.110592	597.039000
0.110573	597.139000
0.110566	597.239000
0.110610	597.339000
0.110592	597.439000
0.110609	597.539000
0.110610	597.639000
0.110615	597.739000
0.110639	597.839000
0.110343	597.939000
0.105661	598.039000
0.100167	598.139000
0.097744	598.239000
0.097652	598.339000
0.098719	598.439000
0.100245	598.539000
0.101872	598.639000
0.103263	598.739000
0.104449	598.839000
0.105417	598.939000
0.106133	599.039000
0.106692	599.139000
0.107054	599.239000
0.107368	599.339000
0.107603	599.439000
0.107775	599.539000
0.107938	599.639000
0.108014	599.739000
0.108099	599.839000
0.108207	599.939000
0.108236	600.039000
0.108269	600.139000
0.108347	600.239000
0.108374	600.339000
0.108374	600.439000
0.108387	600.539000
0.108404	600.639000
0.108442	600.739000
0.108434	600.839000
0.108447	600.939000
0.108497	601.039000
0.108471	601.139000
0.108509	601.239000
0.108595	601.339000
0.108538	601.439000
0.108539	601.539000
0.108556	601.639000
0.108585	601.739000
0.108627	601.839000
0.108563	601.939000
0.108668	602.039000
0.108668	602.139000
0.108628	602.239000
0.108597	602.339000
0.108622	602.439000
0.108640	602.539000
0.108666	602.639000
0.108624	602.739000
0.108658	602.839000
0.108648	602.939000
0.108657	603.039000
0.108683	603.139000
0.108664	603.239000
0.108640	603.339000
0.108698	603.439000
0.108676	603.539000
0.108672	603.639000
0.108735	603.739000
0.108672	603.839000
0.108656	603.939000
0.108673	604.039000
0.108637	604.139000
0.108685	604.239000
0.108674	604.339000
0.108699	604.439000
0.108752	604.539000
0.108746	604.639000
0.108759	604.739000
0.108748	604.839000
0.108682	604.939000
0.108688	605.039000
0.108674	605.139000
0.108685	605.239000
0.108746	605.339000
0.108723	605.439000
0.108722	605.539000
0.108698	605.639000
0.108669	605.739000
0.108714	605.839000
0.108672	605.939000
0.105641	606.039000
0.099831	606.139000
0.096652	606.239000
0.096035	606.339000
0.096817	606.439000
0.098168	606.539000
0.099778	606.639000
0.101176	606.739000
0.102420	606.839000
0.103408	606.939000
0.104170	607.039000
0.104824	607.139000
0.105253	607.239000
0.105587	607.339000
0.105802	607.439000
0.105961	607.539000
0.106084	607.639000
0.106162	607.739000
0.106203	607.839000
0.106308	607.939000
0.106375	608.039000
0.106372	608.139000
0.106453	608.239000
0.106466	608.339000
0.106493	608.439000
0.106611	608.539000
0.106592	608.639000
0.106562	608.739000
0.106573	608.839000
0.106549	608.939000
0.106601	609.039000
0.106634	609.139000
0.106699	609.239000
0.106751	609.339000
0.106711	609.439000
0.106659	609.539000
0.106704	609.639000
0.106715	609.739000
0.106725	609.839000
0.106732	609.939000
0.106741	610.039000
0.106759	610.139000
0.106715	610.239000
0.106768	610.339000
0.106807	610.439000
0.106770	610.539000
0.106780	610.639000
0.106778	610.739000
0.106770	610.839000
0.106838	610.939000
0.106795	611.039000
0.106823	611.139000
0.106835	611.239000
0.106775	611.339000
0.106812	611.439000
0.106789	611.539000
0.106820	611.639000
0.106857	611.739000
0.106844	611.839000
0.106876	611.939000
0.106883	612.039000
0.106829	612.139000
0.106827	612.239000
0.106807	612.340000
0.106802	612.439000
0.106856	612.539000
0.106862	612.639000
0.106860	612.739000
0.106878	612.839000
0.106889	612.939000
0.106928	613.039000
0.106904	613.139000
0.106814	613.239000
0.106816	613.339000
0.106788	613.439000
0.106823	613.539000
0.106840	613.639000
0.106817	613.739000
0.106838	613.839000
0.106830	613.939000
0.106778	614.039000
0.106855	614.139000
0.106838	614.239000
0.106833	614.339000
0.106783	614.439000
0.103337	614.539000
0.097936	614.639000
0.095194	614.739000
0.094802	614.839000
0.095646	614.939000
0.097027	615.039000
0.098513	615.139000
0.099857	615.239000
0.100973	615.339000
0.101892	615.439000
0.102590	615.539000
0.103129	615.639000
0.103558	615.739000
0.103859	615.839000
0.104062	615.939000
0.104241	616.039000
0.104367	616.139000
0.104422	616.239000
0.104500	616.339000
0.104550	616.439000
0.104642	616.539000
0.104684	616.639000
0.104695	616.739000
0.104732	616.839000
0.104765	616.939000
0.104769	617.039000
0.104756	617.139000
0.104781	617.239000
0.104847	617.339000
0.104894	617.439000
0.104878	617.539000
0.104931	617.639000
0.104901	617.739000
0.104908	617.839000
0.104929	617.939000
0.104932	618.039000
0.104954	618.139000
0.104966	618.239000
0.104986	618.339000
0.105000	618.440000
0.104978	618.539000
0.105022	618.639000
0.105035	618.739000
0.104990	618.839000
0.105000	618.939000
0.105038	619.039000
0.105006	619.139000
0.105059	619.239000
0.105060	619.339000
0.105053	619.439000
0.105015	619.539000
0.104984	619.639000
0.105028	619.739000
0.105017	619.839000
0.105000	619.939000
0.105060	620.039000
0.105055	620.139000
0.105053	620.239000
0.105046	620.339000
0.105016	620.439000
0.105038	620.539000
0.105050	620.639000
0.105057	620.739000
0.105059	620.839000
0.105036	620.939000
0.105026	621.039000
0.105049	621.139000
0.105034	621.239000
0.105104	621.339000
0.105062	621.439000
0.105026	621.539000
0.105019	621.639000
0.105018	621.739000
0.104996	621.839000
0.105075	621.939000
0.105056	622.039000
0.105066	622.139000
0.105058	622.239000
0.105027	622.339000
0.105086	622.439000
0.105066	622.539000
0.105065	622.639000
0.105077	622.739000
0.105060	622.839000
0.105075	622.939000
0.105076	623.039000
0.105057	623.139000
0.105080	623.239000
0.105047	623.339000
0.105010	623.439000
0.105023	623.539000
0.104991	623.639000
0.105031	623.739000
0.105112	623.839000
0.105041	623.939000
0.105062	624.039000
0.105026	624.139000
0.105009	624.239000
0.105068	624.339000
0.105049	624.439000
0.105036	624.539000
0.105057	624.639000
0.105065	624.739000
0.105085	624.839000
0.105121	624.940000
0.105013	625.039000
0.105039	625.139000
0.105039	625.239000
0.105048	625.339000
0.105113	625.439000
0.105066	625.539000
0.103989	625.639000
0.098787	625.739000
0.094905	625.839000
0.093591	625.939000
0.093789	626.039000
0.094898	626.139000
0.096289	626.239000
0.097622	626.339000
0.098835	626.439000
0.099830	626.539000
0.100593	626.639000
0.101219	626.739000
0.101681	626.839000
0.101994	626.939000
0.102283	627.039000
0.102400	627.139000
0.102551	627.239000
0.102664	627.339000
0.102739	627.439000
0.102845	627.539000
0.102889	627.639000
0.102902	627.739000
0.102945	627.839000
0.102982	627.939000
0.103007	628.039000
0.103018	628.139000
0.103049	628.239000
0.103079	628.339000
0.103070	628.439000
0.103122	628.539000
0.103168	628.639000
0.103128	628.739000
0.103149	628.839000
0.103157	628.939000
0.103180	629.039000
0.103205	629.139000
0.103204	629.239000
0.103194	629.339000
0.103231	629.439000
0.103219	629.539000
0.103222	629.639000
0.103243	629.739000
0.103216	629.839000
0.103231	629.939000
0.103232	630.039000
0.103251	630.139000
0.103305	630.239000
0.103262	630.339000
0.103265	630.439000
0.103281	630.539000
0.103274	630.639000
0.103260	630.739000
0.103273	630.839000
0.103266	630.939000
0.103304	631.039000
0.103293	631.139000
0.103287	631.239000
0.103336	631.339000
0.103325	631.439000
0.103314	631.539000
0.103325	631.639000
0.103300	631.739000
0.103334	631.839000
0.103271	631.939000
0.103286	632.039000
0.103320	632.139000
0.103338	632.239000
0.103310	632.340000
0.103350	632.439000
0.103332	632.539000
0.103352	632.639000
0.102353	632.739000
0.097367	632.839000
0.093379	632.939000
0.091913	633.039000
0.092176	633.139000
0.093246	633.239000
0.094610	633.339000
0.095971	633.439000
0.097204	633.539000
0.098173	633.639000
0.098968	633.739000
0.099550	633.839000
0.100009	633.939000
0.100324	634.039000
0.100559	634.139000
0.100717	634.239000
0.100803	634.339000
0.100932	634.439000
0.101053	634.539000
0.101090	634.639000
0.101176	634.739000
0.101225	634.839000
0.101219	634.939000
0.101286	635.039000
0.101327	635.139000
0.101373	635.239000
0.101405	635.339000
0.101389	635.439000
0.101445	635.539000
0.101456	635.639000
0.101429	635.739000
0.101508	635.839000
0.101514	635.939000
0.101524	636.039000
0.101559	636.139000
0.101541	636.239000
0.101510	636.339000
0.101550	636.439000
0.101564	636.539000
0.101581	636.639000
0.101578	636.739000
0.101602	636.839000
0.101641	636.939000
0.101615	637.039000
0.101626	637.139000
0.101608	637.239000
0.101589	637.339000
0.101588	637.439000
0.101601	637.539000
0.101606	637.639000
0.101670	637.739000
0.101660	637.839000
0.101638	637.939000
0.101741	638.039000
0.099870	638.139000
0.094741	638.239000
0.091466	638.339000
0.090428	638.439000
0.090892	638.539000
0.092116	638.639000
0.093483	638.739000
0.094811	638.839000
0.095878	638.939000
0.096796	639.039000
0.097510	639.139000
0.098069	639.239000
0.098503	639.339000
0.098771	639.439000
0.098971	639.539000
0.099244	639.639000
0.099347	639.739000
0.099435	639.839000
0.099489	639.939000
0.099552	640.039000
0.099646	640.139000
0.099681	640.239000
0.099710	640.339000
0.099767	640.439000
0.099789	640.539000
0.099844	640.639000
0.099913	640.739000
0.099886	640.839000
0.099910	640.939000
0.099829	641.039000
0.099781	641.139000
0.099874	641.239000
0.099916	641.339000
0.099936	641.439000
0.099962	641.539000
0.099989	641.639000
0.099993	641.739000
0.100001	641.839000
0.099996	641.939000
0.100050	642.039000
0.100028	642.139000
0.100026	642.239000
0.100082	642.339000
0.100021	642.439000
0.100114	642.539000
0.100071	642.639000
0.100068	642.739000
0.100113	642.839000
0.100110	642.939000
0.100099	643.039000
0.100113	643.139000
0.100092	643.239000
0.100102	643.339000
0.100126	643.439000
0.100120	643.539000
0.100157	643.639000
0.098463	643.739000
0.093565	643.839000
0.090302	643.939000
0.089231	644.039000
0.089683	644.139000
0.090816	644.239000
0.092111	644.339000
0.093413	644.439000
0.094475	644.539000
0.095360	644.639000
0.096097	644.739000
0.096652	644.839000
0.097054	644.939000
0.097299	645.039000
0.097556	645.139000
0.097777	645.240000
0.097880	645.339000
0.097937	645.439000
0.098044	645.539000
0.098102	645.639000
0.098125	645.739000
0.098170	645.839000
0.098198	645.939000
0.098299	646.039000
0.098325	646.139000
0.098358	646.239000
0.098408	646.339000
0.098376	646.439000
0.098408	646.539000
0.098428	646.639000
0.098433	646.739000
0.098495	646.839000
0.098511	646.939000
0.098526	647.039000
0.098548	647.139000
0.098540	647.239000
0.098555	647.339000
0.098565	647.439000
0.098534	647.539000
0.098594	647.639000
0.098591	647.739000
0.098557	647.839000
0.098629	647.939000
0.098630	648.039000
0.098596	648.139000
0.098627	648.239000
0.098603	648.339000
0.098636	648.439000
0.098645	648.539000
0.098603	648.639000
0.098621	648.739000
0.098619	648.839000
0.098661	648.939000
0.098680	649.039000
0.098647	649.139000
0.098619	649.239000
0.098412	649.339000
0.098592	649.439000
0.098728	649.539000
0.098687	649.639000
0.098661	649.739000
0.098682	649.839000
0.098657	649.939000
0.098723	650.039000
0.098711	650.139000
0.098644	650.239000
0.098665	650.339000
0.098646	650.439000
0.098681	650.539000
0.098702	650.639000
0.098721	650.739000
0.098788	650.839000
0.098762	650.939000
0.098759	651.039000
0.098751	651.139000
0.098708	651.239000
0.098720	651.339000
0.098663	651.439000
