0.586976	10.877000
0.587395	10.977000
0.587239	11.077000
0.587147	11.177000
0.586910	11.277000
0.586756	11.377000
0.586622	11.477000
0.586449	11.577000
0.586328	11.677000
0.586113	11.777000
0.585935	11.877000
0.585835	11.977000
0.585650	12.077000
0.585541	12.177000
0.585457	12.277000
0.585254	12.377000
0.585083	12.477000
0.584931	12.577000
0.584763	12.677000
0.584654	12.777000
0.584522	12.877000
0.584390	12.977000
0.584208	13.077000
0.583998	13.177000
0.583857	13.277000
0.583691	13.377000
0.583584	13.477000
0.583520	13.577000
0.583354	13.677000
0.583204	13.777000
0.583000	13.877000
0.582807	13.977000
0.582659	14.077000
0.582502	14.177000
0.582287	14.277000
0.582180	14.377000
0.582003	14.477000
0.581839	14.577000
0.581774	14.677000
0.581613	14.777000
0.581532	14.877000
0.581435	14.977000
0.581176	15.077000
0.581054	15.177000
0.580860	15.277000
0.580735	15.377000
0.580622	15.477000
0.580411	15.577000
0.580165	15.677000
0.580080	15.777000
0.579877	15.877000
0.579813	15.977000
0.579648	16.077000
0.579510	16.177000
0.579367	16.277000
0.579155	16.377000
0.578996	16.477000
0.578920	16.577000
0.578770	16.677000
0.578674	16.777000
0.578560	16.877000
0.578396	16.977000
0.578266	17.077000
0.578073	17.177000
0.577978	17.277000
0.577829	17.377000
0.577667	17.477000
0.577557	17.577000
0.577351	17.677000
0.577199	17.777000
0.577079	17.877000
0.576911	17.977000
0.576802	18.077000
0.576664	18.177000
0.576477	18.277000
0.576372	18.378000
0.576207	18.477000
0.576046	18.577000
0.575940	18.677000
0.575765	18.777000
0.575576	18.877000
0.575533	18.977000
0.575330	19.077000
0.575260	19.177000
0.575037	19.277000
0.574845	19.377000
0.574756	19.477000
0.574622	19.577000
0.574446	19.677000
0.574341	19.777000
0.574180	19.877000
0.574087	19.977000
0.573877	20.077000
0.573950	20.177000
0.573853	20.277000
0.573434	20.377000
0.573252	20.477000
0.573183	20.577000
0.572995	20.677000
0.572897	20.777000
0.572736	20.877000
0.572590	20.977000
0.572522	21.077000
0.572370	21.177000
0.572297	21.277000
0.572187	21.377000
0.572031	21.477000
0.571956	21.577000
0.571875	21.677000
0.572025	21.777000
0.571612	21.877000
0.571231	21.977000
0.571065	22.077000
0.570951	22.177000
0.570826	22.277000
0.570738	22.377000
0.570579	22.477000
0.570442	22.577000
0.570357	22.677000
0.570013	22.777000
0.569834	22.877000
0.569793	22.977000
0.569734	23.077000
0.569728	23.177000
0.569581	23.277000
0.569412	23.377000
0.569398	23.477000
0.569355	23.577000
0.569403	23.677000
0.568913	23.777000
0.568530	23.877000
0.568475	23.977000
0.568381	24.077000
0.568240	24.177000
0.568202	24.277000
0.568040	24.377000
0.567881	24.477000
0.567761	24.577000
0.567585	24.677000
0.567497	24.777000
0.567358	24.877000
0.567248	24.977000
0.567176	25.077000
0.567019	25.177000
0.566877	25.277000
0.566727	25.377000
0.566571	25.477000
0.566443	25.577000
0.566269	25.677000
0.566178	25.777000
0.566065	25.877000
0.565917	25.977000
0.565863	26.077000
0.565751	26.177000
0.565568	26.277000
0.565456	26.377000
0.565262	26.477000
0.565145	26.577000
0.565054	26.677000
0.564905	26.777000
0.564892	26.877000
0.564785	26.977000
0.564684	27.077000
0.564587	27.177000
0.564439	27.277000
0.563953	27.377000
0.563880	27.477000
0.563717	27.577000
0.563662	27.677000
0.563541	27.777000
0.563340	27.877000
0.563249	27.977000
0.563172	28.077000
0.563007	28.177000
0.562886	28.277000
0.562772	28.377000
0.562639	28.477000
0.562513	28.577000
0.562362	28.677000
0.562292	28.777000
0.562155	28.877000
0.561967	28.977000
0.561820	29.077000
0.561614	29.177000
0.561497	29.277000
0.561421	29.377000
0.561276	29.477000
0.561154	29.577000
0.561034	29.677000
0.560870	29.777000
0.560804	29.877000
0.560642	29.977000
0.560512	30.077000
0.560406	30.177000
0.560257	30.277000
0.560143	30.377000
0.559992	30.477000
0.559871	30.577000
0.559803	30.677000
0.559576	30.777000
0.559489	30.877000
0.559349	30.977000
0.559155	31.077000
0.559074	31.177000
0.558966	31.277000
0.558786	31.377000
0.558712	31.477000
0.558553	31.577000
0.558397	31.677000
0.558280	31.777000
0.558146	31.877000
0.558081	31.977000
0.557929	32.077000
0.557628	32.177000
0.557385	32.277000
0.557157	32.377000
0.556974	32.477000
0.556850	32.577000
0.556654	32.677000
0.556534	32.777000
0.556383	32.877000
0.556200	32.977000
0.556095	33.077000
0.555969	33.177000
0.555834	33.277000
0.555687	33.377000
0.555582	33.477000
0.555516	33.577000
0.555359	33.677000
0.555173	33.777000
0.555073	33.877000
0.554928	33.977000
0.554785	34.077000
0.554716	34.177000
0.554555	34.277000
0.554480	34.377000
0.554355	34.477000
0.554172	34.577000
0.554107	34.677000
0.553945	34.777000
0.553741	34.877000
0.553654	34.977000
0.553575	35.077000
0.553417	35.177000
0.553296	35.277000
0.553094	35.377000
0.553013	35.477000
0.552885	35.577000
0.552749	35.677000
0.552664	35.777000
0.552510	35.877000
0.552430	35.977000
0.552274	36.077000
0.552030	36.177000
0.551861	36.277000
0.551614	36.377000
0.551391	36.477000
0.551264	36.577000
0.551053	36.677000
0.551029	36.777000
0.550956	36.877000
0.550776	36.977000
0.550649	37.077000
0.550430	37.177000
0.550250	37.277000
0.550149	37.377000
0.549957	37.477000
0.549876	37.577000
0.549772	37.677000
0.549574	37.777000
0.549441	37.877000
0.549374	37.977000
0.549256	38.078000
0.549134	38.178000
0.548980	38.277000
0.548906	38.377000
0.548793	38.477000
0.548640	38.577000
0.548546	38.677000
0.548401	38.777000
0.548322	38.877000
0.548214	38.977000
0.547980	39.077000
0.547847	39.177000
0.547703	39.277000
0.547559	39.377000
0.547484	39.477000
0.547327	39.577000
0.547223	39.677000
0.547137	39.777000
0.546972	39.877000
0.546876	39.977000
0.546724	40.077000
0.546592	40.177000
0.546498	40.277000
0.546359	40.377000
0.546254	40.477000
0.546223	40.577000
0.546065	40.677000
0.545964	40.777000
0.545754	40.877000
0.545411	40.977000
0.545260	41.077000
0.545084	41.177000
0.544874	41.277000
0.544750	41.377000
0.544586	41.477000
0.544451	41.577000
0.544323	41.677000
0.544176	41.777000
0.544068	41.877000
0.543946	41.977000
0.543786	42.077000
0.543702	42.177000
0.543557	42.277000
0.543426	42.377000
0.543335	42.477000
0.543203	42.577000
0.543166	42.677000
0.542979	42.777000
0.542819	42.877000
0.542746	42.977000
0.542610	43.077000
0.542505	43.177000
0.542377	43.277000
0.542206	43.377000
0.542142	43.477000
0.542028	43.577000
0.541852	43.677000
0.541648	43.777000
0.541479	43.877000
0.541330	43.977000
0.541135	44.077000
0.540939	44.177000
0.540770	44.277000
0.540624	44.377000
0.540493	44.477000
0.540391	44.577000
0.540222	44.677000
0.540112	44.777000
0.540011	44.877000
0.539928	44.977000
0.539794	45.077000
0.539671	45.177000
0.539520	45.277000
0.539430	45.377000
0.539274	45.477000
0.539173	45.577000
0.539011	45.677000
0.539020	45.777000
0.539087	45.877000
0.538944	45.977000
0.538753	46.077000
0.538601	46.177000
0.538390	46.277000
0.538281	46.377000
0.538166	46.477000
0.537979	46.577000
0.537873	46.677000
0.537762	46.777000
0.537613	46.877000
0.537572	46.977000
0.537482	47.077000
0.537387	47.177000
0.537310	47.277000
0.537119	47.378000
0.537011	47.477000
0.536856	47.577000
0.536663	47.677000
0.536578	47.777000
0.536429	47.877000
0.536319	47.977000
0.536238	48.077000
0.536094	48.177000
0.535996	48.277000
0.535822	48.377000
0.535573	48.477000
0.535476	48.577000
0.535358	48.677000
0.535289	48.777000
0.535242	48.877000
0.535086	48.977000
0.534994	49.077000
0.534897	49.177000
0.534794	49.277000
0.534695	49.377000
0.534431	49.477000
0.534203	49.577000
0.534077	49.677000
0.533879	49.777000
0.533691	49.877000
0.533554	49.977000
0.533396	50.077000
0.533268	50.177000
0.533109	50.277000
0.532984	50.377000
0.532911	50.477000
0.532796	50.577000
0.532690	50.677000
0.532603	50.777000
0.532443	50.877000
0.532349	50.977000
0.532163	51.077000
0.532041	51.177000
0.531992	51.277000
0.531920	51.377000
0.531803	51.477000
0.531598	51.577000
0.531475	51.677000
0.531408	51.777000
0.531317	51.877000
0.531183	51.977000
0.531085	52.077000
0.530905	52.177000
0.530802	52.277000
0.530677	52.377000
0.530555	52.477000
0.530454	52.577000
0.530354	52.677000
0.530212	52.777000
0.530140	52.877000
0.529970	52.977000
0.529890	53.077000
0.529733	53.177000
0.529622	53.277000
0.529520	53.377000
0.529404	53.477000
0.529311	53.577000
0.529233	53.677000
0.529082	53.777000
0.528970	53.877000
0.528853	53.977000
0.528650	54.077000
0.528575	54.177000
0.528479	54.277000
0.528446	54.377000
0.528335	54.477000
0.528190	54.577000
0.528050	54.677000
0.527925	54.777000
0.527793	54.877000
0.527739	54.977000
0.527599	55.077000
0.527486	55.177000
0.527338	55.277000
0.527155	55.377000
0.527044	55.477000
0.526869	55.577000
0.526741	55.677000
0.526712	55.777000
0.526623	55.877000
0.526511	55.977000
0.526502	56.077000
0.526277	56.177000
0.526195	56.277000
0.526112	56.377000
0.525945	56.477000
0.525851	56.577000
0.525736	56.677000
0.525631	56.777000
0.525583	56.877000
0.525417	56.977000
0.525286	57.077000
0.525176	57.177000
0.525041	57.277000
0.524924	57.377000
0.524783	57.477000
0.524578	57.577000
0.524354	57.677000
0.524172	57.777000
0.524061	57.877000
0.523910	57.977000
0.523749	58.077000
0.523636	58.177000
0.523484	58.277000
0.523316	58.377000
0.523184	58.477000
0.523032	58.577000
0.523001	58.677000
0.522917	58.777000
0.522737	58.877000
0.522655	58.977000
0.522538	59.077000
0.522373	59.177000
0.522308	59.277000
0.522228	59.377000
0.522160	59.477000
0.522064	59.577000
0.521952	59.677000
0.521796	59.777000
0.521708	59.877000
0.521502	59.977000
0.521386	60.077000
0.521248	60.177000
0.521189	60.277000
0.521160	60.377000
0.520962	60.477000
0.520857	60.577000
0.520725	60.677000
0.520602	60.777000
0.520525	60.877000
0.520388	60.977000
0.520274	61.077000
0.520218	61.177000
0.520058	61.277000
0.519970	61.377000
0.519834	61.477000
0.519660	61.577000
0.519485	61.677000
0.519294	61.777000
0.519175	61.877000
0.519106	61.977000
0.518937	62.077000
0.518887	62.177000
0.518879	62.277000
0.518852	62.377000
0.518806	62.477000
0.518693	62.577000
0.518623	62.677000
0.518475	62.777000
0.518308	62.877000
0.518211	62.977000
0.518083	63.077000
0.518025	63.177000
0.517885	63.277000
0.517734	63.377000
0.517664	63.477000
0.517556	63.577000
0.517434	63.677000
0.517309	63.777000
0.517198	63.877000
0.517085	63.977000
0.517036	64.077000
0.516913	64.177000
0.516808	64.277000
0.516733	64.377000
0.516563	64.477000
0.516379	64.577000
0.516132	64.677000
0.515945	64.777000
0.515811	64.877000
0.515663	64.977000
0.515582	65.077000
0.515473	65.177000
0.515312	65.277000
0.515341	65.377000
0.515282	65.477000
0.515130	65.577000
0.514997	65.677000
0.514834	65.777000
0.514694	65.877000
0.514565	65.977000
0.514406	66.077000
0.514325	66.177000
0.514221	66.277000
0.514076	66.377000
0.513991	66.477000
0.513852	66.577000
0.513713	66.677000
0.513606	66.777000
0.513348	66.877000
0.513157	66.977000
0.513035	67.077000
0.512863	67.177000
0.512777	67.277000
0.512619	67.377000
0.512534	67.477000
0.512405	67.577000
0.512252	67.677000
0.512157	67.777000
0.512029	67.877000
0.511920	67.977000
0.511821	68.077000
0.511720	68.177000
0.511669	68.277000
0.511516	68.377000
0.511313	68.477000
0.511256	68.577000
0.511111	68.677000
0.511012	68.777000
0.510988	68.877000
0.510815	68.977000
0.510732	69.077000
0.510671	69.177000
0.510485	69.277000
0.510448	69.377000
0.510387	69.477000
0.510251	69.577000
0.510078	69.677000
0.509806	69.777000
0.509641	69.877000
0.509530	69.977000
0.509303	70.077000
0.509224	70.177000
0.509118	70.277000
0.508994	70.377000
0.508931	70.477000
0.508804	70.577000
0.508667	70.677000
0.508549	70.777000
0.508399	70.877000
0.508300	70.977000
0.508213	71.077000
0.508074	71.177000
0.508005	71.277000
0.507860	71.377000
0.507786	71.477000
0.507654	71.577000
0.507491	71.677000
0.507420	71.777000
0.507378	71.877000
0.507231	71.977000
0.507149	72.077000
0.507038	72.177000
0.506896	72.277000
0.506792	72.377000
0.506683	72.477000
0.506632	72.577000
0.506550	72.677000
0.506393	72.777000
0.506272	72.877000
0.506198	72.977000
0.506092	73.077000
0.505986	73.177000
0.505854	73.277000
0.505986	73.377000
0.505805	73.477000
0.505605	73.577000
0.505520	73.677000
0.505282	73.777000
0.505193	73.877000
0.505126	73.977000
0.505014	74.077000
0.504915	74.177000
0.504841	74.277000
0.504692	74.377000
0.504635	74.477000
0.504533	74.577000
0.504422	74.677000
0.504356	74.777000
0.504239	74.877000
0.504132	74.977000
0.504040	75.077000
0.503900	75.177000
0.503815	75.277000
0.503668	75.377000
0.503552	75.477000
0.503468	75.577000
0.503355	75.677000
0.503277	75.777000
0.503153	75.877000
0.503004	75.977000
0.502955	76.077000
0.502870	76.177000
0.502791	76.277000
0.502717	76.377000
0.502535	76.477000
0.502465	76.577000
0.502386	76.677000
0.502226	76.777000
0.502159	76.877000
0.502079	76.977000
0.502002	77.077000
0.502003	77.177000
0.501892	77.277000
0.501531	77.377000
0.501376	77.477000
0.501314	77.577000
0.501230	77.677000
0.501155	77.777000
0.501091	77.877000
0.500967	77.977000
0.500889	78.077000
0.500805	78.177000
0.500670	78.277000
0.500259	78.377000
0.500345	78.477000
0.500376	78.577000
0.500190	78.677000
0.500323	78.777000
0.500092	78.877000
0.500061	78.977000
0.499946	79.077000
0.499764	79.177000
0.499683	79.277000
0.499617	79.377000
0.499516	79.477000
0.499397	79.577000
0.499294	79.677000
0.499201	79.777000
0.499122	79.877000
0.499023	79.977000
0.498891	80.077000
0.498779	80.177000
0.498686	80.277000
0.498608	80.377000
0.498508	80.477000
0.498394	80.577000
0.498337	80.677000
0.498248	80.777000
0.498177	80.877000
0.498061	80.977000
0.497926	81.077000
0.497830	81.177000
0.497648	81.277000
0.497551	81.377000
0.497479	81.477000
0.497331	81.577000
0.497247	81.677000
0.497121	81.777000
0.497041	81.877000
0.496998	81.977000
0.496804	82.077000
0.496641	82.177000
0.496565	82.277000
0.496423	82.377000
0.496385	82.477000
0.496313	82.577000
0.496195	82.677000
0.496151	82.777000
0.496009	82.877000
0.495939	82.977000
0.495886	83.077000
0.495778	83.177000
0.495702	83.277000
0.495604	83.377000
0.495493	83.477000
0.495408	83.577000
0.495263	83.677000
0.495181	83.777000
0.495086	83.877000
0.494965	83.977000
0.494851	84.077000
0.494758	84.177000
0.494665	84.277000
0.494645	84.377000
0.494501	84.477000
0.494382	84.577000
0.494271	84.677000
0.494049	84.777000
0.493908	84.877000
0.493742	84.977000
0.493637	85.077000
0.493549	85.177000
0.493362	85.277000
0.493303	85.377000
0.493200	85.477000
0.493095	85.577000
0.493041	85.677000
0.492958	85.777000
0.492826	85.877000
0.492758	85.977000
0.492641	86.077000
0.492547	86.177000
0.492498	86.277000
0.492350	86.377000
0.492266	86.477000
0.492197	86.577000
0.492087	86.677000
0.492022	86.777000
0.491872	86.877000
0.491777	86.977000
0.491721	87.077000
0.491625	87.177000
0.491609	87.277000
0.491534	87.377000
0.491421	87.477000
0.491280	87.577000
0.491109	87.677000
0.490981	87.777000
0.491006	87.877000
0.490858	87.977000
0.490735	88.077000
0.490611	88.177000
0.490494	88.277000
0.490465	88.377000
0.490330	88.477000
0.490193	88.577000
0.490119	88.677000
0.489949	88.777000
0.489871	88.877000
0.489802	88.977000
0.489679	89.077000
0.489639	89.177000
0.489479	89.277000
0.489431	89.377000
0.489381	89.477000
0.489267	89.577000
0.489173	89.677000
0.489064	89.777000
0.488954	89.877000
0.488908	89.977000
0.488808	90.077000
0.488699	90.177000
0.488648	90.277000
0.488513	90.378000
0.488441	90.477000
0.488305	90.577000
0.488173	90.677000
0.488111	90.777000
0.488032	90.877000
0.487940	90.977000
0.487875	91.077000
0.487742	91.177000
0.487649	91.277000
0.487561	91.377000
0.487433	91.477000
0.487383	91.577000
0.487263	91.677000
0.487178	91.777000
0.487108	91.877000
0.487005	91.977000
0.486936	92.077000
0.486824	92.177000
0.486708	92.277000
0.486637	92.377000
0.486542	92.477000
0.486443	92.577000
0.486404	92.677000
0.486245	92.777000
0.486150	92.877000
0.486065	92.977000
0.485994	93.077000
0.485894	93.177000
0.485756	93.277000
0.485655	93.377000
0.485555	93.477000
0.485443	93.577000
0.485300	93.677000
0.485152	93.777000
0.485015	93.877000
0.484929	93.977000
0.484807	94.077000
0.484698	94.177000
0.484599	94.277000
0.484448	94.377000
0.484344	94.477000
0.484255	94.577000
0.484123	94.678000
0.484120	94.777000
0.483977	94.877000
0.483867	94.977000
0.483791	95.077000
0.483671	95.177000
0.483594	95.277000
0.483485	95.377000
0.483347	95.477000
0.483290	95.577000
0.483211	95.677000
0.483116	95.777000
0.483071	95.877000
0.482948	95.977000
0.482875	96.077000
0.482818	96.177000
0.482716	96.277000
0.482656	96.377000
0.482534	96.477000
0.482473	96.577000
0.482422	96.677000
0.482259	96.777000
0.482135	96.877000
0.482021	96.977000
0.481930	97.077000
0.481901	97.177000
0.481832	97.277000
0.481724	97.377000
0.481654	97.477000
0.481489	97.577000
0.481403	97.677000
0.481324	97.777000
0.481111	97.877000
0.481038	97.977000
0.480859	98.077000
0.480694	98.177000
0.480605	98.277000
0.480427	98.377000
0.480379	98.477000
0.480321	98.577000
0.480225	98.677000
0.480193	98.777000
0.480085	98.877000
0.479967	98.977000
0.479868	99.077000
0.479720	99.177000
0.479639	99.277000
0.479577	99.377000
0.479501	99.477000
0.479464	99.577000
0.479316	99.677000
0.479189	99.777000
0.479167	99.877000
0.479040	99.977000
0.478953	100.077000
0.478838	100.177000
0.478700	100.277000
0.478666	100.377000
0.478560	100.477000
0.478484	100.577000
0.478462	100.677000
0.478308	100.777000
0.478241	100.877000
0.478172	100.977000
0.478076	101.077000
0.478013	101.177000
0.477897	101.277000
0.477783	101.377000
0.477756	101.477000
0.477589	101.577000
0.477528	101.677000
0.477475	101.777000
0.477339	101.877000
0.477218	101.977000
0.477024	102.077000
0.476900	102.177000
0.476837	102.277000
0.476700	102.377000
0.476600	102.477000
0.476502	102.577000
0.476437	102.677000
0.476332	102.777000
0.476221	102.877000
0.476129	102.977000
0.476063	103.077000
0.475973	103.177000
0.475796	103.277000
0.475761	103.377000
0.475682	103.477000
0.475596	103.577000
0.475518	103.677000
0.475428	103.777000
0.475353	103.877000
0.475253	103.977000
0.475208	104.077000
0.475123	104.177000
0.474970	104.277000
0.474923	104.377000
0.474829	104.477000
0.474714	104.577000
0.474676	104.677000
0.474592	104.777000
0.474498	104.877000
0.474412	104.977000
0.474265	105.077000
0.474181	105.177000
0.474102	105.277000
0.474025	105.377000
0.474006	105.477000
0.473850	105.577000
0.473763	105.677000
0.473678	105.777000
0.473484	105.877000
0.473351	105.977000
0.473210	106.077000
0.473078	106.177000
0.473034	106.277000
0.472938	106.377000
0.472866	106.477000
0.472801	106.577000
0.472668	106.677000
0.472650	106.777000
0.472528	106.877000
0.472370	106.977000
0.472331	107.077000
0.472226	107.177000
0.472135	107.277000
0.472091	107.377000
0.471982	107.477000
0.471963	107.577000
0.471836	107.677000
0.471714	107.777000
0.471667	107.877000
0.471578	107.977000
0.471503	108.077000
0.471429	108.177000
0.471294	108.277000
0.471283	108.377000
0.471212	108.477000
0.471071	108.577000
0.471012	108.677000
0.470882	108.777000
0.470737	108.877000
0.470728	108.977000
0.470628	109.077000
0.470599	109.177000
0.470531	109.277000
0.470468	109.377000
0.470391	109.477000
0.470201	109.577000
0.470070	109.677000
0.469960	109.777000
0.469817	109.877000
0.469769	109.977000
0.469725	110.077000
0.469661	110.177000
0.469627	110.277000
0.469609	110.377000
0.469567	110.477000
0.469471	110.577000
0.469316	110.677000
0.469193	110.777000
0.469154	110.877000
0.469071	110.977000
0.469076	111.077000
0.468954	111.177000
0.468884	111.277000
0.468800	111.377000
0.468661	111.477000
0.468634	111.577000
0.468522	111.677000
0.468350	111.777000
0.468344	111.877000
0.468244	111.977000
0.468165	112.077000
0.468138	112.177000
0.468024	112.277000
0.467969	112.377000
0.467913	112.477000
0.467782	112.577000
0.467739	112.677000
0.467627	112.777000
0.467521	112.877000
0.467471	112.977000
0.467402	113.077000
0.467330	113.177000
0.467239	113.277000
0.467086	113.377000
0.467068	113.477000
0.466997	113.577000
0.466975	113.677000
0.466888	113.777000
0.466763	113.877000
0.466676	113.977000
0.466592	114.077000
0.466515	114.177000
0.466496	114.277000
0.466377	114.377000
0.466261	114.477000
0.466209	114.577000
0.466102	114.677000
0.466042	114.777000
0.466099	114.877000
0.466112	114.977000
0.466063	115.077000
0.465886	115.177000
0.465802	115.277000
0.465869	115.377000
0.465758	115.477000
0.465667	115.577000
0.465506	115.677000
0.465336	115.777000
0.465220	115.877000
0.465039	115.977000
0.464929	116.077000
0.464946	116.177000
0.464703	116.277000
0.464466	116.377000
0.464387	116.477000
0.464391	116.577000
0.464405	116.677000
0.464344	116.777000
0.464261	116.877000
0.464268	116.977000
0.464215	117.077000
0.464148	117.177000
0.464244	117.277000
0.464197	117.377000
0.463993	117.477000
0.463864	117.577000
0.463724	117.677000
0.463694	117.777000
0.463545	117.877000
0.463418	117.977000
0.463292	118.077000
0.463145	118.177000
0.463136	118.277000
0.463072	118.377000
0.463014	118.477000
0.463200	118.577000
0.463193	118.677000
0.463139	118.777000
0.463069	118.877000
0.462960	118.977000
0.462847	119.077000
0.462725	119.177000
0.462619	119.277000
0.462506	119.377000
0.462421	119.477000
0.462380	119.577000
0.462329	119.677000
0.462245	119.777000
0.462227	119.877000
0.462055	119.977000
0.461898	120.077000
0.461874	120.177000
0.461764	120.277000
0.461640	120.377000
0.461503	120.477000
0.461325	120.577000
0.461257	120.677000
0.461148	120.777000
0.461047	120.877000
0.460979	120.977000
0.460801	121.077000
0.460691	121.177000
0.460632	121.277000
0.460539	121.377000
0.460508	121.477000
0.460425	121.577000
0.460353	121.677000
0.460316	121.777000
0.460257	121.877000
0.460162	121.977000
0.460077	122.077000
0.459978	122.177000
0.459985	122.277000
0.459892	122.377000
0.459800	122.477000
0.459772	122.577000
0.459701	122.677000
0.459612	122.777000
0.459569	122.877000
0.459418	122.977000
0.459397	123.077000
0.459303	123.177000
0.459190	123.277000
0.459136	123.377000
0.458996	123.477000
0.458948	123.577000
0.458854	123.677000
0.458774	123.777000
0.458776	123.877000
0.458717	123.977000
0.458639	124.077000
0.458569	124.177000
0.458494	124.277000
0.458405	124.377000
0.458391	124.477000
0.458206	124.577000
0.458149	124.677000
0.458078	124.777000
0.457978	124.877000
0.457941	124.977000
0.457872	125.077000
0.457790	125.177000
0.457751	125.277000
0.457644	125.377000
0.457638	125.477000
0.457594	125.577000
0.457549	125.677000
0.457490	125.777000
0.457368	125.877000
0.457290	125.977000
0.457209	126.077000
0.457078	126.177000
0.457044	126.277000
0.456982	126.377000
0.456851	126.477000
0.456780	126.577000
0.456682	126.677000
0.456636	126.777000
0.456568	126.877000
0.456454	126.977000
0.456412	127.077000
0.456332	127.177000
0.456257	127.277000
0.456240	127.377000
0.456124	127.477000
0.456013	127.577000
0.455969	127.677000
0.455857	127.777000
0.455865	127.877000
0.455823	127.977000
0.455702	128.077000
0.455675	128.177000
0.455535	128.277000
0.455457	128.377000
0.455462	128.477000
0.455344	128.577000
0.455275	128.677000
0.455220	128.777000
0.455155	128.877000
0.455101	128.977000
0.455045	129.077000
0.454977	129.177000
0.455012	129.277000
0.454970	129.377000
0.454957	129.477000
0.454874	129.577000
0.454757	129.677000
0.454742	129.777000
0.454600	129.877000
0.454490	129.977000
0.454486	130.077000
0.454428	130.177000
0.454372	130.277000
0.454312	130.377000
0.454209	130.477000
0.454125	130.577000
0.454041	130.677000
0.453948	130.777000
0.453820	130.877000
0.453630	130.977000
0.453566	131.077000
0.453494	131.177000
0.453359	131.277000
0.453362	131.377000
0.453324	131.477000
0.453212	131.577000
0.453216	131.677000
0.453164	131.777000
0.453119	131.877000
0.453020	131.977000
0.452958	132.077000
0.452976	132.177000
0.453183	132.277000
0.453234	132.377000
0.453265	132.477000
0.453259	132.577000
0.453070	132.677000
0.452980	132.777000
0.452879	132.877000
0.452865	132.977000
0.452244	133.077000
0.451903	133.177000
0.451853	133.277000
0.451780	133.377000
0.451839	133.477000
0.451692	133.577000
0.451286	133.677000
0.451237	133.777000
0.451186	133.877000
0.451296	133.977000
0.451345	134.077000
0.451337	134.177000
0.451311	134.277000
0.451234	134.377000
0.451142	134.477000
0.451060	134.577000
0.450986	134.677000
0.450928	134.777000
0.450943	134.877000
0.450836	134.977000
0.450763	135.077000
0.450782	135.177000
0.450667	135.277000
0.450621	135.377000
0.450506	135.477000
0.450402	135.577000
0.450379	135.677000
0.450208	135.777000
0.450162	135.877000
0.450095	135.977000
0.450029	136.077000
0.449992	136.177000
0.449928	136.277000
0.449851	136.377000
0.449824	136.477000
0.449774	136.577000
0.449731	136.677000
0.449707	136.777000
0.449597	136.877000
0.449547	136.977000
0.449443	137.077000
0.449316	137.177000
0.449254	137.277000
0.449182	137.377000
0.449164	137.477000
0.449068	137.577000
0.448935	137.677000
0.448894	137.777000
0.448815	137.877000
0.448739	137.977000
0.448730	138.077000
0.448638	138.177000
0.448605	138.277000
0.448566	138.377000
0.448423	138.477000
0.448374	138.577000
0.448274	138.677000
0.448218	138.777000
0.448217	138.877000
0.448094	138.977000
0.448072	139.077000
0.447981	139.177000
0.447876	139.277000
0.447875	139.377000
0.447787	139.477000
0.447671	139.577000
0.447621	139.677000
0.447596	139.777000
0.447483	139.877000
0.447425	139.977000
0.447298	140.077000
0.447248	140.177000
0.447193	140.277000
0.447112	140.377000
0.447113	140.477000
0.447034	140.577000
0.446970	140.677000
0.447023	140.777000
0.447025	140.877000
0.447014	140.977000
0.446940	141.077000
0.446847	141.177000
0.446798	141.277000
0.446759	141.377000
0.446743	141.477000
0.446682	141.577000
0.446535	141.677000
0.446530	141.777000
0.446399	141.877000
0.446292	141.977000
0.446225	142.077000
0.446118	142.177000
0.446015	142.277000
0.446007	142.377000
0.445885	142.477000
0.445834	142.577000
0.445761	142.677000
0.445653	142.777000
0.445667	142.877000
0.445530	142.977000
0.445492	143.077000
0.445435	143.177000
0.445282	143.277000
0.445258	143.378000
0.445180	143.477000
0.445053	143.577000
0.445017	143.677000
0.444964	143.777000
0.444876	143.877000
0.444886	143.977000
0.444769	144.077000
0.444706	144.177000
0.444638	144.277000
0.444536	144.377000
0.444530	144.477000
0.444473	144.577000
0.444400	144.677000
0.444387	144.777000
0.444282	144.877000
0.444204	144.977000
0.444129	145.077000
0.444007	145.177000
0.443990	145.277000
0.443895	145.377000
0.443837	145.477000
0.443838	145.577000
0.443703	145.677000
0.443678	145.777000
0.443642	145.877000
0.443481	145.977000
0.443510	146.077000
0.443419	146.177000
0.443319	146.277000
0.443283	146.377000
0.443218	146.477000
0.443171	146.577000
0.443065	146.677000
0.442990	146.777000
0.442999	146.877000
0.442910	146.977000
0.442789	147.077000
0.442780	147.177000
0.442707	147.277000
0.442707	147.377000
0.442633	147.477000
0.442505	147.577000
0.442448	147.677000
0.442351	147.777000
0.442291	147.877000
0.442247	147.977000
0.442148	148.077000
0.442095	148.177000
0.442059	148.277000
0.442035	148.377000
0.442018	148.477000
0.441932	148.577000
0.441853	148.677000
0.441785	148.777000
0.441652	148.877000
0.441616	148.977000
0.441537	149.077000
0.441455	149.177000
0.441471	149.277000
0.441375	149.377000
0.440792	149.477000
0.440110	149.577000
0.439563	149.677000
0.439207	149.777000
0.438922	149.877000
0.438683	149.977000
0.438563	150.077000
0.438416	150.177000
0.438293	150.277000
0.438258	150.377000
0.438180	150.477000
0.438124	150.577000
0.438119	150.677000
0.438015	150.777000
0.437964	150.877000
0.437832	150.977000
0.437757	151.077000
0.437742	151.177000
0.437707	151.277000
0.437696	151.377000
0.437653	151.477000
0.437545	151.577000
0.437488	151.677000
0.437416	151.777000
0.437323	151.877000
0.437298	151.977000
0.437210	152.077000
0.437179	152.177000
0.437157	152.277000
0.437058	152.377000
0.437023	152.477000
0.436972	152.577000
0.436915	152.677000
0.436883	152.777000
0.436808	152.877000
0.436766	152.977000
0.436699	153.077000
0.436602	153.177000
0.436547	153.277000
0.436530	153.377000
0.436418	153.477000
0.436358	153.577000
0.436302	153.677000
0.436248	153.777000
0.436234	153.877000
0.436162	153.977000
0.436118	154.077000
0.436085	154.177000
0.435981	154.277000
0.435916	154.377000
0.435850	154.477000
0.435793	154.577000
0.435741	154.677000
0.435657	154.777000
0.435639	154.877000
0.435608	154.977000
0.435510	155.077000
0.435482	155.177000
0.435385	155.277000
0.435326	155.377000
0.435306	155.477000
0.435212	155.577000
0.435194	155.677000
0.435180	155.777000
0.435156	155.877000
0.435142	155.977000
0.435069	156.077000
0.434959	156.177000
0.434960	156.277000
0.434851	156.377000
0.434782	156.477000
0.434771	156.577000
0.434876	156.677000
0.434456	156.777000
0.433746	156.877000
0.433088	156.977000
0.432554	157.077000
0.432045	157.177000
0.431834	157.277000
0.431682	157.377000
0.431614	157.477000
0.431603	157.577000
0.431521	157.677000
0.431397	157.777000
0.431405	157.877000
0.431366	157.977000
0.431396	158.077000
0.431459	158.177000
0.431645	158.277000
0.431479	158.377000
0.431282	158.477000
0.431186	158.577000
0.431114	158.677000
0.430968	158.777000
0.430898	158.877000
0.430871	158.977000
0.430816	159.077000
0.430803	159.177000
0.430670	159.277000
0.430599	159.377000
0.430569	159.477000
0.430464	159.577000
0.430403	159.677000
0.430366	159.777000
0.430330	159.877000
0.430349	159.977000
0.430264	160.077000
0.430166	160.177000
0.430142	160.277000
0.430065	160.377000
0.430006	160.477000
0.429967	160.577000
0.429911	160.677000
0.429909	160.777000
0.429859	160.877000
0.429779	160.977000
0.429748	161.077000
0.429656	161.177000
0.429604	161.277000
0.429578	161.377000
0.429482	161.477000
0.429487	161.577000
0.429403	161.677000
0.429343	161.777000
0.429307	161.877000
0.429192	161.977000
0.429131	162.077000
0.429090	162.177000
0.428988	162.277000
0.428921	162.377000
0.428859	162.477000
0.428789	162.577000
0.428774	162.677000
0.428727	162.777000
0.428686	162.877000
0.428632	162.977000
0.428530	163.077000
0.428502	163.177000
0.428485	163.277000
0.428400	163.377000
0.428361	163.477000
0.428307	163.577000
0.428218	163.677000
0.428187	163.777000
0.428145	163.877000
0.428132	163.977000
0.428079	164.077000
0.427997	164.177000
0.427957	164.277000
0.427870	164.377000
0.427767	164.477000
0.427771	164.577000
0.427644	164.677000
0.427526	164.777000
0.426915	164.877000
0.426291	164.977000
0.425904	165.077000
0.425577	165.177000
0.425335	165.277000
0.425199	165.377000
0.425011	165.477000
0.424946	165.577000
0.424880	165.677000
0.424765	165.777000
0.424736	165.877000
0.424692	165.977000
0.424685	166.077000
0.424652	166.177000
0.424549	166.277000
0.424493	166.377000
0.424491	166.477000
0.424400	166.577000
0.424410	166.677000
0.424384	166.777000
0.424279	166.877000
0.424217	166.977000
0.424153	167.077000
0.424089	167.177000
0.424050	167.277000
0.423951	167.377000
0.423956	167.477000
0.423937	167.577000
0.423946	167.677000
0.423931	167.777000
0.423811	167.877000
0.423687	167.977000
0.423642	168.077000
0.423566	168.177000
0.423550	168.277000
0.423528	168.377000
0.423439	168.477000
0.423413	168.577000
0.423327	168.677000
0.423270	168.777000
0.423223	168.877000
0.423124	168.977000
0.423158	169.077000
0.423108	169.177000
0.423012	169.277000
0.423049	169.377000
0.423012	169.477000
0.422885	169.577000
0.422831	169.677000
0.422765	169.777000
0.422694	169.877000
0.422623	169.977000
0.422591	170.077000
0.422638	170.177000
0.422593	170.277000
0.422478	170.377000
0.422471	170.477000
0.422402	170.577000
0.422392	170.677000
0.422360	170.777000
0.422216	170.877000
0.422304	170.977000
0.422263	171.077000
0.422148	171.177000
0.422059	171.277000
0.421946	171.377000
0.421926	171.477000
0.421902	171.577000
0.421810	171.677000
0.421804	171.777000
0.421724	171.877000
0.421665	171.977000
0.421650	172.077000
0.421575	172.177000
0.421552	172.277000
0.421532	172.377000
0.421419	172.477000
0.421441	172.577000
0.421397	172.677000
0.421351	172.777000
0.421319	172.877000
0.421173	172.977000
0.421114	173.077000
0.421071	173.177000
0.420991	173.277000
0.421034	173.377000
0.421030	173.477000
0.420952	173.577000
0.420825	173.677000
0.420752	173.777000
0.420748	173.877000
0.420756	173.977000
0.420664	174.077000
0.420653	174.177000
0.420599	174.277000
0.420544	174.377000
0.420498	174.477000
0.420440	174.577000
0.420376	174.677000
0.420314	174.777000
0.420216	174.877000
0.420167	174.977000
0.420116	175.077000
0.420069	175.177000
0.420137	175.277000
0.418471	175.377000
0.412678	175.477000
0.408231	175.577000
0.405059	175.677000
0.402872	175.777000
0.401319	175.877000
0.400228	175.977000
0.399532	176.077000
0.399040	176.177000
0.398669	176.277000
0.398462	176.377000
0.398260	176.477000
0.398197	176.577000
0.398063	176.677000
0.398023	176.777000
0.397959	176.877000
0.397902	176.977000
0.397881	177.077000
0.397896	177.177000
0.397848	177.277000
0.397812	177.377000
0.397798	177.477000
0.397720	177.577000
0.397695	177.677000
0.397645	177.777000
0.397632	177.877000
0.397620	177.977000
0.397544	178.077000
0.397525	178.177000
0.397527	178.277000
0.397458	178.377000
0.397451	178.477000
0.397396	178.577000
0.397313	178.677000
0.397297	178.777000
0.397241	178.877000
0.397217	178.977000
0.397261	179.077000
0.397204	179.177000
0.397185	179.277000
0.397174	179.377000
0.397095	179.477000
0.397077	179.577000
0.396997	179.677000
0.396964	179.777000
0.396968	179.877000
0.396885	179.977000
0.396860	180.077000
0.396844	180.177000
0.396782	180.277000
0.396737	180.377000
0.396700	180.477000
0.396670	180.577000
0.396671	180.677000
0.396643	180.777000
0.396617	180.877000
0.396571	180.977000
0.396483	181.077000
0.396495	181.177000
0.396448	181.277000
0.396412	181.377000
0.396501	181.477000
0.392989	181.577000
0.388394	181.677000
0.385295	181.777000
0.383035	181.877000
0.381477	181.977000
0.380334	182.077000
0.379593	182.177000
0.379096	182.277000
0.378708	182.377000
0.378467	182.477000
0.378277	182.577000
0.378114	182.677000
0.378072	182.777000
0.378004	182.877000
0.377957	182.977000
0.377957	183.077000
0.377921	183.177000
0.377913	183.277000
0.377878	183.377000
0.377819	183.477000
0.377838	183.577000
0.377782	183.677000
0.377787	183.777000
0.377783	183.877000
0.377694	183.977000
0.377687	184.077000
0.377645	184.177000
0.377632	184.277000
0.377620	184.377000
0.377577	184.477000
0.377594	184.577000
0.377567	184.677000
0.377461	184.777000
0.377490	184.877000
0.377478	184.977000
0.377457	185.077000
0.377455	185.177000
0.377390	185.277000
0.377373	185.377000
0.377388	185.477000
0.377344	185.577000
0.377314	185.677000
0.377303	185.777000
0.377314	185.877000
0.377302	185.977000
0.377262	186.077000
0.377229	186.177000
0.377217	186.277000
0.377176	186.377000
0.377152	186.477000
0.377116	186.577000
0.377054	186.677000
0.377073	186.777000
0.377037	186.877000
0.376997	186.977000
0.376979	187.077000
0.376871	187.177000
0.376888	187.277000
0.376873	187.377000
0.376821	187.477000
0.376845	187.577000
0.376808	187.677000
0.376783	187.777000
0.376791	187.877000
0.376732	187.977000
0.376734	188.077000
0.376730	188.177000
0.376657	188.277000
0.372986	188.377000
0.369114	188.477000
0.366663	188.577000
0.364986	188.677000
0.363749	188.777000
0.362929	188.877000
0.362327	188.977000
0.361867	189.077000
0.361621	189.177000
0.361408	189.277000
0.361310	189.377000
0.361247	189.477000
0.361181	189.577000
0.361185	189.677000
0.361139	189.777000
0.361068	189.877000
0.361086	189.977000
0.361034	190.077000
0.360996	190.177000
0.361031	190.277000
0.360981	190.377000
0.360994	190.477000
0.360987	190.577000
0.360961	190.677000
0.360959	190.777000
0.360948	190.877000
0.360900	190.977000
0.360919	191.077000
0.360881	191.177000
0.360891	191.277000
0.360882	191.377000
0.360839	191.477000
0.360848	191.577000
0.360806	191.677000
0.360839	191.777000
0.360838	191.877000
0.360722	191.977000
0.360714	192.077000
0.360712	192.177000
0.360625	192.277000
0.360655	192.377000
0.360641	192.477000
0.360622	192.577000
0.360649	192.677000
0.360634	192.777000
0.360625	192.877000
0.360590	192.977000
0.360563	193.077000
0.360566	193.177000
0.360514	193.277000
0.360463	193.377000
0.360496	193.477000
0.360418	193.577000
0.360425	193.677000
0.360454	193.777000
0.360377	193.877000
0.360394	193.977000
0.360343	194.077000
0.360303	194.177000
0.360329	194.277000
0.360270	194.377000
0.360270	194.477000
0.360230	194.577000
0.360187	194.677000
0.360175	194.777000
0.360203	194.877000
0.360183	194.977000
0.360241	195.077000
0.360213	195.177000
0.360171	195.277000
0.360170	195.377000
0.360149	195.477000
0.360119	195.577000
0.360212	195.677000
0.357066	195.777000
0.353367	195.877000
0.351261	195.977000
0.349858	196.077000
0.348923	196.177000
0.348250	196.277000
0.347743	196.377000
0.347387	196.477000
0.347138	196.577000
0.347025	196.677000
0.346867	196.777000
0.346802	196.877000
0.346794	196.977000
0.346734	197.077000
0.346718	197.178000
0.346719	197.277000
0.346703	197.377000
0.346704	197.477000
0.346709	197.577000
0.346648	197.677000
0.346671	197.777000
0.346642	197.877000
0.346640	197.977000
0.346626	198.077000
0.346596	198.177000
0.346617	198.277000
0.346585	198.377000
0.346562	198.477000
0.346607	198.577000
0.346567	198.677000
0.346575	198.777000
0.346582	198.877000
0.346533	198.977000
0.346552	199.077000
0.346473	199.177000
0.346403	199.277000
0.346471	199.377000
0.346492	199.477000
0.346416	199.577000
0.346408	199.677000
0.346419	199.777000
0.346414	199.877000
0.346379	199.977000
0.346349	200.077000
0.346450	200.177000
0.343188	200.277000
0.339588	200.377000
0.337896	200.477000
0.336891	200.577000
0.336252	200.677000
0.335774	200.777000
0.335448	200.877000
0.335226	200.977000
0.335050	201.077000
0.334955	201.177000
0.334899	201.277000
0.334838	201.377000
0.334812	201.477000
0.334758	201.577000
0.334758	201.677000
0.334791	201.777000
0.334726	201.877000
0.334722	201.977000
0.334764	202.077000
0.334714	202.177000
0.334753	202.277000
0.334751	202.377000
0.334673	202.477000
0.334664	202.577000
0.334645	202.677000
0.334644	202.777000
0.334670	202.877000
0.334656	202.977000
0.334677	203.077000
0.334636	203.177000
0.334622	203.277000
0.334634	203.377000
0.334605	203.477000
0.334562	203.577000
0.334615	203.677000
0.334569	203.777000
0.334615	203.877000
0.334549	203.977000
0.334503	204.077000
0.334509	204.177000
0.334499	204.277000
0.334494	204.377000
0.334507	204.477000
0.334529	204.577000
0.334539	204.677000
0.334514	204.777000
0.334442	204.877000
0.334458	204.977000
0.334426	205.077000
0.334416	205.177000
0.334452	205.277000
0.334569	205.377000
0.331513	205.477000
0.327312	205.577000
0.325753	205.677000
0.325229	205.777000
0.324920	205.877000
0.324712	205.977000
0.324581	206.077000
0.324488	206.177000
0.324458	206.277000
0.324436	206.377000
0.324359	206.477000
0.324350	206.577000
0.324331	206.677000
0.324308	206.777000
0.324295	206.877000
0.324249	206.977000
0.324315	207.077000
0.324335	207.177000
0.324286	207.277000
0.324331	207.377000
0.324317	207.477000
0.324250	207.577000
0.324263	207.677000
0.324295	207.777000
0.324329	207.877000
0.324249	207.977000
0.324187	208.077000
0.324233	208.177000
0.324203	208.277000
0.324138	208.377000
0.324203	208.477000
0.324149	208.577000
0.324212	208.677000
0.324221	208.777000
0.324196	208.877000
0.324219	208.977000
0.324179	209.078000
0.324119	209.177000
0.324120	209.277000
0.324088	209.377000
0.324131	209.477000
0.324180	209.577000
0.324151	209.677000
0.324138	209.777000
0.324125	209.877000
0.324095	209.977000
0.324109	210.077000
0.324099	210.177000
0.324076	210.277000
0.324103	210.377000
0.324090	210.477000
0.324246	210.577000
0.321069	210.677000
0.316078	210.777000
0.314563	210.877000
0.314282	210.977000
0.314466	211.077000
0.314697	211.177000
0.314850	211.277000
0.315058	211.377000
0.315158	211.477000
0.315221	211.577000
0.315290	211.677000
0.315263	211.777000
0.315266	211.877000
0.315327	211.977000
0.315295	212.077000
0.315320	212.177000
0.315396	212.277000
0.315359	212.377000
0.315367	212.477000
0.315324	212.577000
0.315341	212.677000
0.315381	212.777000
0.315343	212.877000
0.315346	212.977000
0.315387	213.077000
0.315335	213.177000
0.315364	213.277000
0.315347	213.377000
0.315390	213.477000
0.315350	213.577000
0.315344	213.677000
0.315362	213.777000
0.315359	213.877000
0.315322	213.977000
0.315332	214.077000
0.315307	214.177000
0.315268	214.277000
0.315315	214.377000
0.315301	214.477000
0.315348	214.577000
0.315350	214.677000
0.315297	214.777000
0.315343	214.877000
0.315260	214.977000
0.315226	215.077000
0.315230	215.177000
0.315248	215.277000
0.315268	215.377000
0.315236	215.477000
0.315182	215.577000
0.315200	215.677000
0.315166	215.777000
0.315189	215.877000
0.315232	215.977000
0.315175	216.077000
0.315169	216.177000
0.315194	216.277000
0.315175	216.377000
0.315180	216.477000
0.314323	216.577000
0.303104	216.677000
0.292771	216.777000
0.289822	216.877000
0.290609	216.977000
0.292648	217.077000
0.294878	217.177000
0.296944	217.277000
0.298646	217.377000
0.299892	217.477000
0.300854	217.577000
0.301565	217.677000
0.302120	217.777000
0.302558	217.877000
0.302851	217.977000
0.303138	218.078000
0.303334	218.177000
0.303505	218.277000
0.303685	218.377000
0.303765	218.477000
0.303887	218.577000
0.303981	218.677000
0.304038	218.777000
0.304128	218.877000
0.304196	218.977000
0.304253	219.077000
0.304376	219.177000
0.304393	219.277000
0.304526	219.377000
0.304630	219.477000
0.304555	219.577000
0.304634	219.677000
0.304659	219.777000
0.304663	219.877000
0.304717	219.977000
0.304721	220.077000
0.304806	220.177000
0.304886	220.277000
0.304889	220.377000
0.304911	220.477000
0.304911	220.577000
0.304904	220.677000
0.304931	220.777000
0.304942	220.877000
0.305019	220.977000
0.305038	221.077000
0.305010	221.177000
0.305097	221.277000
0.305133	221.377000
0.305189	221.477000
0.294210	221.577000
0.258262	221.677000
0.238783	221.777000
0.235323	221.877000
0.239520	221.977000
0.246505	222.077000
0.253836	222.177000
0.260417	222.277000
0.266047	222.377000
0.270481	222.477000
0.273995	222.577000
0.276690	222.677000
0.278670	222.777000
0.280261	222.877000
0.281485	222.977000
0.282415	223.077000
0.283211	223.177000
0.283803	223.278000
0.284349	223.377000
0.284897	223.477000
0.285311	223.577000
0.285750	223.677000
0.286106	223.777000
0.286421	223.877000
0.286744	223.977000
0.287003	224.077000
0.287279	224.177000
0.287566	224.277000
0.287715	224.377000
0.287952	224.477000
0.288189	224.577000
0.288356	224.677000
0.288616	224.777000
0.288706	224.877000
0.288869	224.977000
0.289029	225.077000
0.289132	225.177000
0.289288	225.277000
0.289464	225.377000
0.289572	225.477000
0.289670	225.577000
0.289744	225.677000
0.289873	225.777000
0.289966	225.877000
0.289975	225.977000
0.290052	226.077000
0.290119	226.177000
0.289650	226.277000
0.265988	226.377000
0.233888	226.477000
0.221238	226.577000
0.221246	226.677000
0.227012	226.777000
0.234775	226.877000
0.242566	226.977000
0.249497	227.077000
0.255167	227.177000
0.259563	227.277000
0.262855	227.377000
0.265445	227.477000
0.267303	227.577000
0.268692	227.677000
0.269806	227.778000
0.270643	227.877000
0.271430	227.977000
0.271989	228.077000
0.272434	228.177000
0.272873	228.277000
0.273198	228.377000
0.273549	228.477000
0.273828	228.577000
0.274037	228.677000
0.274282	228.777000
0.274449	228.877000
0.274580	228.977000
0.274734	229.077000
0.274834	229.177000
0.274982	229.277000
0.275128	229.377000
0.275133	229.477000
0.275282	229.577000
0.275396	229.677000
0.275443	229.777000
0.275575	229.877000
0.275597	229.977000
0.275661	230.077000
0.275728	230.177000
0.275762	230.277000
0.275854	230.377000
0.275921	230.477000
0.275966	230.577000
0.274298	230.677000
0.247234	230.777000
0.219699	230.877000
0.210016	230.977000
0.211009	231.077000
0.217013	231.177000
0.224527	231.277000
0.231904	231.377000
0.238484	231.477000
0.243780	231.578000
0.247916	231.677000
0.250983	231.777000
0.253259	231.877000
0.254991	231.977000
0.256218	232.077000
0.257190	232.177000
0.258020	232.277000
0.258615	232.377000
0.259050	232.477000
0.259477	232.577000
0.259752	232.677000
0.260029	232.777000
0.260296	232.877000
0.260504	232.977000
0.260736	233.077000
0.260823	233.177000
0.260913	233.277000
0.261082	233.377000
0.261150	233.477000
0.261246	233.577000
0.261321	233.677000
0.261408	233.777000
0.261523	233.877000
0.261619	233.977000
0.261666	234.077000
0.261766	234.177000
0.261796	234.277000
0.261867	234.377000
0.261883	234.477000
0.261912	234.577000
0.262052	234.677000
0.262038	234.777000
0.262027	234.877000
0.262127	234.977000
0.262056	235.077000
0.262087	235.177000
0.262145	235.277000
0.262169	235.377000
0.262199	235.477000
0.262244	235.577000
0.262244	235.677000
0.262286	235.777000
0.262302	235.877000
0.262348	235.977000
0.262360	236.077000
0.254033	236.177000
0.223063	236.277000
0.204537	236.377000
0.200270	236.477000
0.203452	236.577000
0.209638	236.677000
0.216712	236.777000
0.223285	236.877000
0.228877	236.977000
0.233477	237.077000
0.236962	237.177000
0.239539	237.277000
0.241512	237.377000
0.242951	237.477000
0.244018	237.577000
0.244873	237.677000
0.245461	237.777000
0.246001	237.877000
0.246414	237.977000
0.246703	238.077000
0.246974	238.177000
0.247207	238.277000
0.247407	238.377000
0.247608	238.477000
0.247772	238.577000
0.247892	238.677000
0.248009	238.777000
0.248068	238.877000
0.248163	238.977000
0.248217	239.077000
0.248318	239.177000
0.248403	239.277000
0.248425	239.377000
0.248481	239.477000
0.248513	239.577000
0.248558	239.677000
0.248664	239.777000
0.246155	239.877000
0.220828	239.977000
0.198262	240.077000
0.190721	240.177000
0.192175	240.277000
0.197677	240.377000
0.204338	240.477000
0.210977	240.577000
0.216763	240.677000
0.221389	240.777000
0.225037	240.877000
0.227755	240.977000
0.229797	241.077000
0.231251	241.177000
0.232250	241.277000
0.233089	241.377000
0.233712	241.477000
0.234156	241.577000
0.234552	241.677000
0.234837	241.777000
0.235085	241.877000
0.235303	241.977000
0.235481	242.077000
0.235667	242.177000
0.235793	242.277000
0.235911	242.377000
0.236020	242.477000
0.236067	242.577000
0.236188	242.677000
0.236277	242.777000
0.236236	242.877000
0.236360	242.977000
0.236428	243.077000
0.236478	243.177000
0.236585	243.277000
0.236591	243.377000
0.236623	243.477000
0.236647	243.577000
0.236633	243.677000
0.236712	243.777000
0.236728	243.877000
0.236718	243.977000
0.236766	244.077000
0.236787	244.177000
0.236842	244.277000
0.236841	244.377000
0.236798	244.477000
0.236874	244.577000
0.236924	244.677000
0.236869	244.777000
0.236878	244.877000
0.236909	244.977000
0.236908	245.077000
0.236907	245.177000
0.236864	245.277000
0.236927	245.377000
0.236969	245.477000
0.232116	245.577000
0.206411	245.677000
0.188400	245.777000
0.183458	245.877000
0.185593	245.977000
0.190763	246.077000
0.196862	246.177000
0.202720	246.277000
0.207666	246.377000
0.211802	246.477000
0.215025	246.577000
0.217448	246.677000
0.219223	246.777000
0.220504	246.877000
0.221443	246.977000
0.222212	247.077000
0.222810	247.177000
0.223289	247.277000
0.223605	247.377000
0.223882	247.477000
0.224122	247.577000
0.224278	247.677000
0.224438	247.777000
0.224582	247.877000
0.224684	247.977000
0.224838	248.077000
0.224902	248.177000
0.225044	248.277000
0.225150	248.377000
0.225092	248.477000
0.225134	248.577000
0.225210	248.677000
0.225215	248.777000
0.225304	248.877000
0.225359	248.977000
0.225360	249.077000
0.225428	249.177000
0.225438	249.277000
0.225467	249.377000
0.225510	249.477000
0.225470	249.577000
0.225512	249.677000
0.225522	249.777000
0.225514	249.877000
0.225542	249.977000
0.225580	250.077000
0.225649	250.177000
0.225616	250.277000
0.225575	250.377000
0.225627	250.477000
0.225659	250.577000
0.225613	250.677000
0.225616	250.777000
0.225618	250.877000
0.225658	250.977000
0.225712	251.077000
0.225696	251.177000
0.225707	251.277000
0.225672	251.377000
0.225624	251.477000
0.225655	251.577000
0.225614	251.677000
0.225606	251.777000
0.225710	251.877000
0.221503	251.977000
0.198117	252.077000
0.181253	252.177000
0.176419	252.277000
0.178357	252.377000
0.183104	252.477000
0.188709	252.577000
0.194096	252.677000
0.198716	252.777000
0.202592	252.877000
0.205571	252.977000
0.207792	253.077000
0.209453	253.177000
0.210650	253.277000
0.211609	253.377000
0.212322	253.477000
0.212782	253.577000
0.213204	253.677000
0.213519	253.777000
0.213748	253.877000
0.213989	253.977000
0.214159	254.077000
0.214276	254.177000
0.214437	254.277000
0.214511	254.377000
0.214642	254.477000
0.214725	254.577000
0.214748	254.677000
0.214821	254.777000
0.214879	254.877000
0.214944	254.977000
0.215027	255.077000
0.215080	255.177000
0.215102	255.277000
0.215165	255.377000
0.215162	255.477000
0.215238	255.577000
0.215255	255.677000
0.215230	255.777000
0.215258	255.877000
0.215246	255.977000
0.215298	256.077000
0.215386	256.177000
0.215376	256.277000
0.215446	256.377000
0.215436	256.477000
0.215394	256.577000
0.215399	256.677000
0.215357	256.777000
0.215397	256.877000
0.215463	256.977000
0.207639	257.077000
0.184943	257.177000
0.172043	257.277000
0.169315	257.377000
0.172000	257.477000
0.176837	257.577000
0.182203	257.677000
0.187219	257.777000
0.191504	257.877000
0.195016	257.977000
0.197668	258.077000
0.199616	258.177000
0.201107	258.277000
0.202168	258.377000
0.202999	258.477000
0.203619	258.577000
0.203985	258.677000
0.204333	258.777000
0.204626	258.877000
0.204825	258.977000
0.205038	259.077000
0.205123	259.177000
0.205237	259.277000
0.205360	259.377000
0.205440	259.477000
0.205554	259.577000
0.205618	259.677000
0.205672	259.777000
0.205725	259.877000
0.205765	259.977000
0.205795	260.077000
0.205876	260.177000
0.205944	260.278000
0.205993	260.377000
0.206006	260.477000
0.205967	260.577000
0.206020	260.677000
0.206060	260.777000
0.206040	260.877000
0.206078	260.977000
0.206056	261.077000
0.206078	261.177000
0.206118	261.277000
0.206119	261.377000
0.206161	261.477000
0.206144	261.577000
0.206176	261.677000
0.206192	261.777000
0.206176	261.877000
0.206219	261.977000
0.206261	262.077000
0.206219	262.177000
0.206219	262.277000
0.206212	262.377000
0.206202	262.477000
0.206241	262.577000
0.206250	262.677000
0.206227	262.777000
0.206206	262.877000
0.206189	262.977000
0.206206	263.077000
0.206228	263.177000
0.206191	263.277000
0.206218	263.377000
0.206205	263.477000
0.206235	263.577000
0.206241	263.677000
0.206252	263.777000
0.206190	263.877000
0.206187	263.977000
0.206202	264.077000
0.206230	264.177000
0.206204	264.277000
0.206174	264.377000
0.205639	264.477000
0.190625	264.577000
0.172306	264.677000
0.165213	264.777000
0.165333	264.877000
0.168801	264.977000
0.173443	265.077000
0.178052	265.177000
0.182242	265.277000
0.185714	265.377000
0.188501	265.477000
0.190641	265.577000
0.192258	265.677000
0.193456	265.777000
0.194279	265.877000
0.194840	265.977000
0.195360	266.077000
0.195728	266.177000
0.196038	266.277000
0.196321	266.377000
0.196475	266.477000
0.196646	266.577000
0.196793	266.677000
0.196871	266.777000
0.197013	266.877000
0.197078	266.977000
0.197124	267.077000
0.197208	267.177000
0.197201	267.277000
0.197304	267.377000
0.197353	267.477000
0.197358	267.577000
0.197393	267.677000
0.197357	267.777000
0.197403	267.877000
0.197478	267.977000
0.197515	268.077000
0.197537	268.177000
0.197577	268.277000
0.197593	268.377000
0.197622	268.477000
0.197584	268.577000
0.197634	268.677000
0.197661	268.777000
0.197621	268.877000
0.197652	268.977000
0.197625	269.077000
0.197638	269.177000
0.197672	269.277000
0.197670	269.377000
0.197640	269.477000
0.197711	269.577000
0.197668	269.677000
0.197687	269.777000
0.197681	269.877000
0.197710	269.977000
0.197720	270.077000
0.197729	270.177000
0.197733	270.277000
0.197733	270.377000
0.197696	270.477000
0.197736	270.577000
0.197771	270.677000
0.197652	270.777000
0.197703	270.877000
0.197719	270.977000
0.197711	271.077000
0.197739	271.177000
0.197008	271.277000
0.182542	271.377000
0.165613	271.477000
0.158974	271.577000
0.159120	271.677000
0.162520	271.777000
0.166975	271.877000
0.171437	271.977000
0.175377	272.077000
0.178660	272.177000
0.181361	272.277000
0.183402	272.377000
0.184910	272.477000
0.185996	272.577000
0.186745	272.677000
0.187339	272.777000
0.187775	272.877000
0.188148	272.977000
0.188497	273.077000
0.188633	273.177000
0.188810	273.277000
0.188908	273.377000
0.189022	273.477000
0.189184	273.577000
0.189212	273.677000
0.189327	273.777000
0.189426	273.877000
0.189405	273.977000
0.189473	274.077000
0.189528	274.177000
0.189542	274.277000
0.189620	274.377000
0.189630	274.477000
0.189657	274.577000
0.189701	274.677000
0.189666	274.777000
0.189711	274.877000
0.189742	274.977000
0.189737	275.077000
0.189818	275.177000
0.189855	275.277000
0.189846	275.377000
0.189886	275.477000
0.189881	275.577000
0.189924	275.677000
0.189938	275.777000
0.189881	275.877000
0.189916	275.977000
0.189908	276.077000
0.189895	276.177000
0.189967	276.277000
0.189925	276.377000
0.189934	276.477000
0.189921	276.577000
0.189890	276.677000
0.189961	276.777000
0.189949	276.877000
0.189925	276.977000
0.189974	277.077000
0.189966	277.177000
0.189971	277.277000
0.189986	277.377000
0.189911	277.477000
0.189931	277.577000
0.189939	277.677000
0.189906	277.777000
0.189942	277.877000
0.189935	277.977000
0.189916	278.077000
0.189948	278.177000
0.189912	278.277000
0.189896	278.377000
0.189913	278.477000
0.189877	278.577000
0.189965	278.677000
0.189926	278.777000
0.189913	278.877000
0.189915	278.977000
0.189853	279.077000
0.189925	279.177000
0.189905	279.277000
0.189905	279.377000
0.189934	279.477000
0.189860	279.577000
0.189846	279.677000
0.189900	279.777000
0.189858	279.877000
0.189853	279.977000
0.189864	280.077000
0.189869	280.177000
0.189874	280.277000
0.189866	280.377000
0.189835	280.477000
0.189859	280.577000
0.189838	280.677000
0.189843	280.777000
0.189892	280.877000
0.189850	280.977000
0.189827	281.077000
0.189799	281.177000
0.189807	281.277000
0.189823	281.377000
0.189822	281.477000
0.189815	281.577000
0.189791	281.677000
0.189778	281.777000
0.189798	281.877000
0.189787	281.977000
0.189762	282.077000
0.189750	282.177000
0.189718	282.277000
0.189761	282.377000
0.189754	282.477000
0.189737	282.577000
0.189771	282.677000
0.189765	282.777000
0.189696	282.877000
0.189763	282.977000
0.189730	283.077000
0.189733	283.177000
0.189746	283.277000
0.189707	283.377000
0.189728	283.477000
0.189692	283.577000
0.189712	283.677000
0.189752	283.777000
0.189728	283.877000
0.189712	283.977000
0.189732	284.077000
0.189655	284.177000
0.189678	284.277000
0.189656	284.377000
0.189660	284.477000
0.189665	284.577000
0.189646	284.677000
0.189658	284.777000
0.189674	284.877000
0.189618	284.977000
0.189652	285.077000
0.187606	285.177000
0.171651	285.277000
0.158538	285.377000
0.154292	285.477000
0.155308	285.577000
0.158700	285.677000
0.162725	285.777000
0.166676	285.877000
0.170083	285.977000
0.172903	286.077000
0.175112	286.177000
0.176839	286.277000
0.178103	286.377000
0.179059	286.477000
0.179678	286.577000
0.180187	286.677000
0.180593	286.777000
0.180830	286.877000
0.181075	286.977000
0.181220	287.077000
0.181389	287.177000
0.181515	287.277000
0.181665	287.377000
0.181752	287.477000
0.181804	287.577000
0.181866	287.677000
0.181930	287.777000
0.181953	287.877000
0.181969	287.977000
0.182038	288.077000
0.182062	288.177000
0.182148	288.277000
0.182177	288.377000
0.182205	288.477000
0.182233	288.577000
0.182219	288.677000
0.182230	288.777000
0.182298	288.877000
0.182310	288.977000
0.182334	289.077000
0.182395	289.177000
0.182367	289.277000
0.182368	289.377000
0.182167	289.477000
0.171521	289.577000
0.155739	289.677000
0.148724	289.777000
0.148189	289.877000
0.150954	289.977000
0.154892	290.077000
0.159042	290.177000
0.162702	290.277000
0.165693	290.377000
0.168165	290.477000
0.170033	290.577000
0.171467	290.677000
0.172485	290.777000
0.173149	290.877000
0.173673	290.977000
0.174082	291.077000
0.174410	291.177000
0.174683	291.277000
0.174843	291.377000
0.174979	291.477000
0.175127	291.577000
0.175221	291.677000
0.175353	291.777000
0.175479	291.877000
0.175528	291.977000
0.175615	292.077000
0.175646	292.177000
0.175659	292.277000
0.175725	292.377000
0.175667	292.477000
0.175736	292.577000
0.175805	292.677000
0.170266	292.777000
0.154227	292.877000
0.144905	292.977000
0.142948	293.077000
0.144986	293.177000
0.148566	293.277000
0.152567	293.377000
0.156319	293.477000
0.159459	293.577000
0.162066	293.677000
0.164051	293.777000
0.165462	293.877000
0.166523	293.977000
0.167284	294.077000
0.167822	294.177000
0.168248	294.277000
0.168487	294.377000
0.168726	294.477000
0.168910	294.577000
0.169119	294.677000
0.169324	294.777000
0.169467	294.877000
0.169499	294.977000
0.169564	295.077000
0.169589	295.177000
0.169693	295.277000
0.169770	295.377000
0.169770	295.477000
0.169885	295.577000
0.169906	295.677000
0.169928	295.777000
0.169993	295.877000
0.169967	295.977000
0.170037	296.077000
0.170072	296.177000
0.170081	296.277000
0.170102	296.377000
0.170115	296.477000
0.169998	296.577000
0.160799	296.677000
0.146511	296.777000
0.140100	296.877000
0.139548	296.977000
0.141973	297.077000
0.145580	297.177000
0.149221	297.277000
0.152558	297.377000
0.155375	297.477000
0.157545	297.577000
0.159301	297.677000
0.160586	297.777000
0.161472	297.877000
0.162160	297.977000
0.162648	298.077000
0.163034	298.177000
0.163299	298.277000
0.163494	298.377000
0.163741	298.477000
0.163905	298.577000
0.163976	298.677000
0.164122	298.777000
0.164179	298.877000
0.164256	298.977000
0.164283	299.077000
0.164320	299.177000
0.164423	299.277000
0.164470	299.377000
0.164516	299.477000
0.164580	299.577000
0.164590	299.677000
0.164631	299.777000
0.164723	299.877000
0.164719	299.977000
0.164736	300.077000
0.164746	300.177000
0.164757	300.277000
0.164799	300.377000
0.164848	300.477000
0.164812	300.577000
0.164815	300.677000
0.164784	300.777000
0.164817	300.877000
0.164876	300.977000
0.164864	301.077000
0.164964	301.177000
0.164950	301.277000
0.164919	301.377000
0.164940	301.477000
0.164936	301.577000
0.164983	301.677000
0.164960	301.777000
0.164912	301.877000
0.164951	301.977000
0.164937	302.077000
0.164985	302.177000
0.165021	302.277000
0.164997	302.377000
0.164998	302.477000
0.165003	302.577000
0.164965	302.677000
0.164948	302.777000
0.164970	302.877000
0.164937	302.977000
0.163156	303.077000
0.150263	303.177000
0.139852	303.277000
0.136511	303.377000
0.137316	303.477000
0.140146	303.577000
0.143500	303.677000
0.146720	303.777000
0.149592	303.877000
0.151915	303.977000
0.153783	304.077000
0.155253	304.177000
0.156274	304.277000
0.157088	304.377000
0.157629	304.477000
0.158030	304.577000
0.158317	304.677000
0.158525	304.777000
0.158669	304.877000
0.158815	304.977000
0.158918	305.077000
0.159064	305.177000
0.159187	305.277000
0.159219	305.377000
0.159298	305.477000
0.159328	305.577000
0.159366	305.677000
0.159437	305.777000
0.159508	305.877000
0.159541	305.977000
0.159569	306.077000
0.159541	306.177000
0.159600	306.277000
0.159621	306.383000
0.159590	306.477000
0.159683	306.577000
0.159651	306.677000
0.159634	306.777000
0.159688	306.877000
0.159702	306.977000
0.159763	307.077000
0.159771	307.177000
0.159732	307.277000
0.159789	307.377000
0.159811	307.477000
0.159825	307.577000
0.159809	307.677000
0.159787	307.777000
0.159779	307.877000
0.159785	307.977000
0.159782	308.077000
0.159832	308.177000
0.159854	308.277000
0.159884	308.377000
0.159860	308.477000
0.159838	308.577000
0.159925	308.677000
0.159876	308.777000
0.159871	308.877000
0.155227	308.977000
0.142165	309.077000
0.134680	309.177000
0.133095	309.277000
0.134725	309.377000
0.137718	309.477000
0.140858	309.577000
0.143751	309.677000
0.146275	309.777000
0.148290	309.877000
0.149888	309.977000
0.151081	310.077000
0.151959	310.177000
0.152628	310.277000
0.153097	310.377000
0.153428	310.477000
0.153702	310.577000
0.153936	310.677000
0.154090	310.777000
0.154216	310.877000
0.154287	310.977000
0.154373	311.077000
0.154485	311.177000
0.154520	311.277000
0.154653	311.377000
0.154666	311.477000
0.154719	311.577000
0.154750	311.677000
0.154749	311.777000
0.154827	311.877000
0.154859	311.977000
0.154859	312.077000
0.154920	312.177000
0.154939	312.277000
0.154938	312.377000
0.154953	312.477000
0.154960	312.577000
0.154973	312.677000
0.155005	312.777000
0.155084	312.877000
0.155140	312.977000
0.155107	313.077000
0.155035	313.177000
0.155038	313.277000
0.155046	313.377000
0.155063	313.477000
0.155109	313.577000
0.155097	313.678000
0.155090	313.777000
0.155063	313.877000
0.155022	313.977000
0.155065	314.077000
0.155068	314.177000
0.155113	314.277000
0.155109	314.377000
0.154753	314.477000
0.145947	314.577000
0.134834	314.677000
0.130265	314.777000
0.130342	314.877000
0.132493	314.977000
0.135424	315.077000
0.138323	315.177000
0.140898	315.277000
0.143109	315.377000
0.144882	315.477000
0.146213	315.577000
0.147289	315.677000
0.148020	315.777000
0.148571	315.877000
0.149008	315.977000
0.149178	316.077000
0.149439	316.177000
0.149644	316.277000
0.149759	316.377000
0.149909	316.477000
0.149965	316.577000
0.150030	316.677000
0.150128	316.777000
0.150248	316.877000
0.150349	316.977000
0.150403	317.077000
0.150396	317.177000
0.150452	317.277000
0.150471	317.377000
0.150436	317.477000
0.150417	317.577000
0.150392	317.677000
0.150434	317.777000
0.150435	317.877000
0.150567	317.977000
0.150704	318.077000
0.150723	318.177000
0.150631	318.277000
0.150629	318.377000
0.150618	318.477000
0.150696	318.577000
0.150678	318.677000
0.150612	318.777000
0.150683	318.877000
0.150645	318.977000
0.150665	319.077000
0.150692	319.177000
0.150691	319.277000
0.150728	319.377000
0.150741	319.477000
0.150740	319.577000
0.150780	319.677000
0.150746	319.777000
0.150711	319.877000
0.150799	319.977000
0.150726	320.077000
0.150589	320.177000
0.143477	320.277000
0.132366	320.377000
0.127306	320.477000
0.126917	320.577000
0.128879	320.677000
0.131671	320.777000
0.134486	320.877000
0.137048	320.977000
0.139223	321.077000
0.140870	321.177000
0.142232	321.277000
0.143207	321.377000
0.143923	321.478000
0.144503	321.577000
0.144905	321.677000
0.145224	321.777000
0.145432	321.877000
0.145560	321.977000
0.145706	322.077000
0.145850	322.177000
0.145898	322.277000
0.146008	322.377000
0.146054	322.477000
0.146131	322.577000
0.146218	322.677000
0.146219	322.777000
0.146279	322.877000
0.146362	322.977000
0.146349	323.077000
0.146384	323.177000
0.146366	323.277000
0.146428	323.377000
0.146449	323.477000
0.146488	323.577000
0.146501	323.677000
0.146508	323.777000
0.146548	323.877000
0.146578	323.977000
0.146539	324.077000
0.146558	324.177000
0.146609	324.277000
0.146555	324.377000
0.146593	324.477000
0.146614	324.577000
0.146604	324.677000
0.146646	324.777000
0.146596	324.877000
0.146581	324.977000
0.146678	325.077000
0.146674	325.177000
0.146590	325.277000
0.146608	325.377000
0.146605	325.477000
0.146607	325.577000
0.146612	325.677000
0.146667	325.777000
0.146697	325.877000
0.146694	325.977000
0.146687	326.077000
0.146696	326.177000
0.146655	326.277000
0.146671	326.377000
0.146671	326.477000
0.146654	326.577000
0.146655	326.677000
0.146610	326.777000
0.146592	326.877000
0.146600	326.977000
0.146599	327.077000
0.146634	327.177000
0.146461	327.277000
0.139165	327.377000
0.129373	327.477000
0.126030	327.577000
0.126919	327.677000
0.129368	327.777000
0.131902	327.877000
0.134255	327.977000
0.136110	328.077000
0.137605	328.177000
0.138832	328.277000
0.139736	328.377000
0.140381	328.477000
0.140840	328.577000
0.141218	328.677000
0.141492	328.777000
0.141687	328.877000
0.141842	328.977000
0.141976	329.077000
0.142052	329.177000
0.142145	329.277000
0.142250	329.377000
0.142260	329.477000
0.142336	329.577000
0.142354	329.677000
0.142368	329.777000
0.142423	329.877000
0.142442	329.977000
0.142486	330.077000
0.142545	330.177000
0.142518	330.277000
0.142584	330.377000
0.142616	330.477000
0.142628	330.577000
0.142637	330.677000
0.142572	330.777000
0.142608	330.877000
0.142685	330.977000
0.142676	331.077000
0.142667	331.177000
0.142710	331.277000
0.142678	331.377000
0.142684	331.477000
0.142671	331.577000
0.142666	331.677000
0.142697	331.777000
0.142698	331.877000
0.142749	331.977000
0.142784	332.077000
0.142740	332.177000
0.142775	332.277000
0.142739	332.377000
0.142696	332.477000
0.142798	332.577000
0.142798	332.677000
0.142792	332.777000
0.142761	332.877000
0.142706	332.977000
0.142717	333.077000
0.142719	333.177000
0.142713	333.277000
0.142741	333.377000
0.142563	333.477000
0.136211	333.577000
0.127736	333.677000
0.124664	333.777000
0.125174	333.877000
0.127132	333.977000
0.129330	334.077000
0.131409	334.177000
0.133100	334.277000
0.134518	334.377000
0.135598	334.477000
0.136365	334.577000
0.136994	334.677000
0.137407	334.777000
0.137696	334.877000
0.137996	334.977000
0.138136	335.077000
0.138272	335.177000
0.138426	335.277000
0.138491	335.377000
0.138597	335.477000
0.138663	335.577000
0.138706	335.677000
0.138744	335.777000
0.138789	335.877000
0.138822	335.977000
0.138870	336.077000
0.138840	336.177000
0.138904	336.277000
0.138941	336.377000
0.138920	336.477000
0.138936	336.577000
0.138936	336.677000
0.139001	336.777000
0.138994	336.877000
0.138970	336.977000
0.139005	337.077000
0.139023	337.177000
0.139026	337.278000
0.139076	337.377000
0.139131	337.477000
0.139093	337.577000
0.139148	337.677000
0.139114	337.777000
0.139131	337.877000
0.139097	337.977000
0.139081	338.077000
0.139143	338.177000
0.139132	338.277000
0.139133	338.377000
0.139146	338.477000
0.139144	338.577000
0.139145	338.677000
0.139134	338.777000
0.139114	338.877000
0.139121	338.977000
0.139145	339.077000
0.139130	339.177000
0.139149	339.277000
0.139135	339.377000
0.135089	339.477000
0.126340	339.577000
0.122208	339.677000
0.122155	339.777000
0.123750	339.877000
0.125799	339.977000
0.127887	340.077000
0.129597	340.177000
0.131032	340.277000
0.132154	340.377000
0.132929	340.477000
0.133556	340.577000
0.133994	340.677000
0.134298	340.777000
0.134575	340.877000
0.134727	340.977000
0.134884	341.077000
0.135012	341.177000
0.135089	341.277000
0.135184	341.377000
0.135235	341.477000
0.135286	341.577000
0.135333	341.677000
0.135345	341.777000
0.135373	341.877000
0.135466	341.977000
0.135488	342.077000
0.135547	342.177000
0.135571	342.277000
0.135526	342.377000
0.135554	342.477000
0.135581	342.577000
0.135593	342.677000
0.135667	342.777000
0.135653	342.877000
0.135658	342.977000
0.135695	343.077000
0.135703	343.177000
0.135708	343.277000
0.135684	343.377000
0.135729	343.477000
0.135744	343.577000
0.135711	343.677000
0.135744	343.777000
0.135710	343.877000
0.135688	343.977000
0.135718	344.077000
0.135735	344.177000
0.135758	344.277000
0.135717	344.377000
0.135707	344.477000
0.135761	344.577000
0.135787	344.677000
0.135767	344.777000
0.135787	344.877000
0.135768	344.977000
0.135768	345.077000
0.135779	345.177000
0.135736	345.277000
0.135788	345.377000
0.135759	345.477000
0.135778	345.577000
0.135818	345.677000
0.135785	345.777000
0.135758	345.877000
0.135753	345.977000
0.135739	346.077000
0.135812	346.177000
0.135771	346.277000
0.135724	346.377000
0.135766	346.477000
0.135751	346.577000
0.135744	346.677000
0.135802	346.777000
0.135787	346.877000
0.135787	346.977000
0.135792	347.077000
0.135726	347.177000
0.135465	347.277000
0.129079	347.377000
0.121835	347.477000
0.119522	347.577000
0.120106	347.677000
0.121833	347.777000
0.123822	347.877000
0.125635	347.977000
0.127205	348.077000
0.128453	348.177000
0.129333	348.277000
0.130077	348.377000
0.130596	348.477000
0.130964	348.577000
0.131295	348.677000
0.131461	348.777000
0.131682	348.877000
0.131832	348.977000
0.131840	349.077000
0.131922	349.177000
0.132002	349.277000
0.132062	349.377000
0.132162	349.477000
0.132177	349.577000
0.132252	349.677000
0.132297	349.777000
0.132210	349.877000
0.132293	349.977000
0.132318	350.077000
0.132333	350.177000
0.132384	350.277000
0.132363	350.377000
0.132381	350.477000
0.132409	350.577000
0.132402	350.677000
0.132391	350.777000
0.132396	350.877000
0.132356	350.977000
0.132390	351.077000
0.132425	351.177000
0.132434	351.277000
0.132434	351.377000
0.132412	351.477000
0.132458	351.577000
0.132471	351.677000
0.132462	351.777000
0.132454	351.877000
0.132419	351.977000
0.132485	352.077000
0.132499	352.177000
0.132489	352.277000
0.132506	352.377000
0.132503	352.477000
0.132495	352.577000
0.132538	352.677000
0.132510	352.777000
0.132507	352.877000
0.132582	352.977000
0.132530	353.077000
0.132574	353.177000
0.132555	353.277000
0.132508	353.377000
0.132527	353.477000
0.132525	353.577000
0.132535	353.677000
0.132560	353.777000
0.132533	353.877000
0.132538	353.977000
0.132522	354.077000
0.132535	354.177000
0.132573	354.277000
0.132501	354.377000
0.132500	354.477000
0.132539	354.577000
0.132557	354.677000
0.132563	354.777000
0.132532	354.877000
0.131630	354.977000
0.124409	355.077000
0.118559	355.177000
0.117090	355.277000
0.118010	355.377000
0.119710	355.477000
0.121677	355.577000
0.123370	355.677000
0.124713	355.777000
0.125792	355.877000
0.126608	355.977000
0.127240	356.077000
0.127748	356.177000
0.128037	356.277000
0.128342	356.377000
0.128555	356.477000
0.128663	356.577000
0.128775	356.677000
0.128874	356.777000
0.128934	356.877000
0.129068	356.977000
0.129074	357.077000
0.129180	357.177000
0.129212	357.277000
0.129216	357.377000
0.129267	357.477000
0.129248	357.577000
0.129233	357.677000
0.129253	357.777000
0.129274	357.877000
0.129322	357.977000
0.129323	358.077000
0.129327	358.177000
0.129377	358.277000
0.129351	358.377000
0.129357	358.477000
0.129373	358.577000
0.129356	358.677000
0.129367	358.777000
0.129384	358.877000
0.129376	358.977000
0.129440	359.077000
0.129422	359.177000
0.129427	359.277000
0.129435	359.377000
0.129364	359.477000
0.129388	359.577000
0.129430	359.677000
0.129401	359.777000
0.129438	359.877000
0.129455	359.977000
0.129449	360.077000
0.129479	360.177000
0.129479	360.277000
0.129470	360.377000
0.129479	360.477000
0.129467	360.577000
0.129461	360.677000
0.129417	360.777000
0.129468	360.877000
0.129497	360.977000
0.129461	361.077000
0.129471	361.177000
0.129477	361.277000
0.129467	361.377000
0.129481	361.477000
0.129495	361.577000
0.127432	361.677000
0.119879	361.777000
0.115328	361.877000
0.114592	361.977000
0.115740	362.077000
0.117476	362.177000
0.119308	362.277000
0.120916	362.377000
0.122179	362.477000
0.123211	362.577000
0.123993	362.677000
0.124576	362.777000
0.125045	362.877000
0.125327	362.977000
0.125557	363.077000
0.125724	363.177000
0.125838	363.277000
0.125952	363.377000
0.126027	363.477000
0.126095	363.577000
0.126145	363.677000
0.126169	363.777000
0.126246	363.877000
0.126242	363.977000
0.126273	364.077000
0.126407	364.177000
0.126403	364.277000
0.126376	364.377000
0.126395	364.477000
0.126396	364.577000
0.126453	364.677000
0.126426	364.777000
0.126441	364.877000
0.126512	364.977000
0.126486	365.077000
0.126457	365.177000
0.126534	365.277000
0.126546	365.377000
0.126548	365.477000
0.126496	365.577000
0.126490	365.677000
0.126546	365.777000
0.126588	365.877000
0.126557	365.977000
0.126597	366.077000
0.126593	366.177000
0.126615	366.277000
0.126636	366.377000
0.126537	366.477000
0.126569	366.577000
0.126581	366.677000
0.126675	366.777000
0.126711	366.877000
0.126663	366.977000
0.126628	367.077000
0.126639	367.177000
0.126589	367.277000
0.126619	367.377000
0.126637	367.477000
0.126618	367.577000
0.126663	367.677000
0.126708	367.777000
0.126687	367.877000
0.126695	367.977000
0.126653	368.077000
0.126624	368.177000
0.126610	368.277000
0.126556	368.377000
0.126577	368.477000
0.126589	368.577000
0.126630	368.677000
0.126635	368.777000
0.126597	368.877000
0.126620	368.977000
0.125633	369.077000
0.118807	369.177000
0.113549	369.277000
0.112153	369.377000
0.112977	369.477000
0.114677	369.577000
0.116428	369.677000
0.118050	369.777000
0.119342	369.877000
0.120327	369.977000
0.121167	370.077000
0.121778	370.177000
0.122260	370.277000
0.122605	370.377000
0.122762	370.477000
0.122978	370.577000
0.123118	370.677000
0.123203	370.777000
0.123376	370.877000
0.123425	370.977000
0.123415	371.077000
0.123474	371.177000
0.123521	371.277000
0.123596	371.377000
0.123631	371.477000
0.123648	371.577000
0.123681	371.677000
0.123692	371.777000
0.123766	371.877000
0.123794	371.977000
0.123764	372.077000
0.123759	372.177000
0.123779	372.277000
0.123713	372.377000
0.123732	372.477000
0.123785	372.577000
0.123759	372.677000
0.123784	372.777000
0.123811	372.877000
0.123854	372.977000
0.123815	373.077000
0.123784	373.177000
0.123864	373.277000
0.123882	373.377000
0.123862	373.477000
0.123877	373.577000
0.123839	373.677000
0.123850	373.777000
0.123873	373.877000
0.123831	373.977000
0.123860	374.077000
0.120964	374.177000
0.113937	374.277000
0.110326	374.377000
0.109909	374.477000
0.111091	374.577000
0.112867	374.677000
0.114550	374.777000
0.116079	374.877000
0.117273	374.977000
0.118232	375.077000
0.118927	375.177000
0.119364	375.277000
0.119818	375.377000
0.120125	375.477000
0.120353	375.577000
0.120522	375.677000
0.120640	375.777000
0.120701	375.877000
0.120804	375.977000
0.120810	376.077000
0.120893	376.177000
0.120958	376.277000
0.120944	376.377000
0.121026	376.477000
0.121078	376.577000
0.121102	376.677000
0.121106	376.777000
0.121133	376.877000
0.121140	376.977000
0.121246	377.077000
0.121146	377.177000
0.121201	377.277000
0.121222	377.377000
0.121183	377.477000
0.121261	377.577000
0.121287	377.677000
0.121256	377.777000
0.121280	377.877000
0.121245	377.977000
0.121292	378.077000
0.121330	378.177000
0.121255	378.277000
0.121294	378.377000
0.121305	378.477000
0.121305	378.577000
0.121355	378.677000
0.121316	378.777000
0.121317	378.877000
0.121320	378.977000
0.121351	379.077000
0.118716	379.177000
0.111916	379.277000
0.108274	379.377000
0.107815	379.477000
0.108922	379.577000
0.110565	379.677000
0.112228	379.777000
0.113701	379.877000
0.114888	379.977000
0.115834	380.077000
0.116538	380.177000
0.117098	380.277000
0.117443	380.377000
0.117759	380.477000
0.117958	380.577000
0.118118	380.677000
0.118247	380.777000
0.118337	380.877000
0.118431	380.977000
0.118509	381.077000
0.118514	381.177000
0.118579	381.277000
0.118615	381.377000
0.118681	381.477000
0.118690	381.577000
0.118724	381.677000
0.118743	381.777000
0.118788	381.877000
0.118768	381.977000
0.118771	382.077000
0.118791	382.177000
0.118769	382.277000
0.118881	382.377000
0.118848	382.477000
0.118868	382.577000
0.118892	382.677000
0.118858	382.777000
0.118850	382.877000
0.118856	382.977000
0.118856	383.077000
0.118840	383.177000
0.118844	383.277000
0.118886	383.377000
0.118854	383.477000
0.114233	383.577000
0.108245	383.677000
0.105881	383.777000
0.106088	383.877000
0.107451	383.977000
0.109095	384.077000
0.110671	384.177000
0.111989	384.277000
0.113014	384.377000
0.113838	384.477000
0.114515	384.577000
0.114945	384.677000
0.115373	384.777000
0.115635	384.877000
0.115823	384.977000
0.115994	385.077000
0.116050	385.177000
0.116025	385.277000
0.116155	385.377000
0.116235	385.477000
0.116287	385.577000
0.116327	385.677000
0.116384	385.777000
0.116408	385.877000
0.116381	385.977000
0.116387	386.077000
0.116426	386.177000
0.116470	386.277000
0.116508	386.377000
0.116536	386.477000
0.116585	386.577000
0.116582	386.677000
0.116576	386.777000
0.116565	386.877000
0.116594	386.977000
0.116627	387.077000
0.116607	387.177000
0.116626	387.277000
0.116606	387.377000
0.116645	387.477000
0.116698	387.577000
0.116663	387.677000
0.116678	387.777000
0.116661	387.877000
0.116651	387.977000
0.116681	388.077000
0.116665	388.177000
0.116436	388.277000
0.111515	388.377000
0.105971	388.477000
0.104001	388.577000
0.104282	388.677000
0.105589	388.777000
0.107213	388.877000
0.108699	388.977000
0.109985	389.077000
0.111016	389.177000
0.111805	389.277000
0.112452	389.377000
0.112903	389.477000
0.113189	389.577000
0.113426	389.677000
0.113566	389.777000
0.113728	389.877000
0.113813	389.977000
0.113916	390.077000
0.114036	390.177000
0.114089	390.277000
0.114148	390.377000
0.114151	390.477000
0.114174	390.577000
0.114231	390.677000
0.114268	390.777000
0.114304	390.877000
0.114308	390.977000
0.114349	391.077000
0.114358	391.177000
0.114374	391.277000
0.114384	391.377000
0.114453	391.477000
0.114435	391.577000
0.114424	391.677000
0.114499	391.777000
0.114442	391.877000
0.114421	391.977000
0.114525	392.077000
0.114471	392.177000
0.114460	392.277000
0.114544	392.377000
0.114542	392.477000
0.114535	392.577000
0.114517	392.677000
0.114497	392.777000
0.114515	392.877000
0.114423	392.977000
0.114458	393.077000
0.114483	393.177000
0.114484	393.277000
0.113871	393.377000
0.108379	393.477000
0.103652	393.577000
0.102253	393.677000
0.102805	393.777000
0.104141	393.877000
0.105746	393.977000
0.107151	394.077000
0.108375	394.177000
0.109300	394.277000
0.109947	394.377000
0.110567	394.477000
0.110945	394.577000
0.111230	394.677000
0.111460	394.777000
0.111611	394.877000
0.111778	394.977000
0.111889	395.077000
0.111944	395.177000
0.112029	395.277000
0.112062	395.377000
0.112155	395.477000
0.112189	395.577000
0.112142	395.677000
0.112186	395.777000
0.112222	395.877000
0.112209	395.977000
0.112295	396.077000
0.112271	396.177000
0.112311	396.277000
0.112330	396.377000
0.112309	396.477000
0.112333	396.577000
0.112381	396.677000
0.112422	396.777000
0.112459	396.877000
0.112385	396.977000
0.112417	397.077000
0.112452	397.177000
0.112426	397.277000
0.112448	397.377000
0.112434	397.477000
0.112444	397.577000
0.112469	397.677000
0.112475	397.777000
0.112424	397.877000
0.112459	397.977000
0.112424	398.077000
0.112522	398.177000
0.110357	398.277000
0.104438	398.377000
0.101101	398.477000
0.100584	398.577000
0.101460	398.677000
0.102913	398.777000
0.104360	398.877000
0.105759	398.977000
0.106965	399.077000
0.107734	399.177000
0.108283	399.277000
0.108718	399.377000
0.109060	399.477000
0.109325	399.577000
0.109515	399.677000
0.109688	399.777000
0.109840	399.877000
0.109900	399.977000
0.109970	400.077000
0.110025	400.177000
0.110108	400.277000
0.110143	400.377000
0.110181	400.477000
0.110192	400.577000
0.110247	400.677000
0.110245	400.777000
0.110262	400.877000
