0.910950	11.722000
0.909861	11.822000
0.909110	11.922000
0.908306	12.022000
0.907687	12.122000
0.906952	12.222000
0.906221	12.322000
0.905527	12.422000
0.904744	12.522000
0.903933	12.622000
0.903373	12.722000
0.902658	12.822000
0.902020	12.922000
0.901395	13.022000
0.900710	13.122000
0.900054	13.222000
0.899342	13.322000
0.898691	13.422000
0.898031	13.522000
0.897319	13.622000
0.896706	13.722000
0.895999	13.822000
0.895349	13.922000
0.894612	14.022000
0.886703	14.122000
0.818487	14.222000
0.744256	14.322000
0.693091	14.422000
0.659507	14.522000
0.637516	14.622000
0.623643	14.722000
0.614992	14.822000
0.609783	14.922000
0.606885	15.022000
0.605430	15.122000
0.605054	15.222000
0.605245	15.322000
0.605892	15.422000
0.606932	15.522000
0.607961	15.622000
0.609168	15.722000
0.598610	15.822000
0.557663	15.922000
0.523207	16.022000
0.500286	16.122000
0.485653	16.222000
0.476324	16.322000
0.470688	16.422000
0.467589	16.522000
0.465988	16.622000
0.465513	16.722000
0.465733	16.822000
0.466353	16.922000
0.467351	17.022000
0.468478	17.122000
0.469709	17.222000
0.471067	17.322000
0.472430	17.423000
0.473833	17.522000
0.475150	17.622000
0.476302	17.722000
0.463128	17.822000
0.436811	17.922000
0.417195	18.022000
0.404453	18.122000
0.396373	18.222000
0.391478	18.322000
0.388631	18.422000
0.387287	18.522000
0.386763	18.622000
0.386849	18.722000
0.387332	18.822000
0.388065	18.922000
0.388969	19.022000
0.389969	19.122000
0.391110	19.222000
0.392207	19.322000
0.393265	19.422000
0.394453	19.522000
0.395567	19.622000
0.396276	19.722000
0.385100	19.822000
0.366922	19.922000
0.353678	20.022000
0.345197	20.122000
0.339894	20.222000
0.336746	20.322000
0.334959	20.422000
0.334171	20.522000
0.333926	20.622000
0.334136	20.722000
0.334682	20.822000
0.335265	20.922000
0.336053	21.022000
0.336860	21.122000
0.337696	21.222000
0.338630	21.322000
0.339490	21.422000
0.340366	21.522000
0.341285	21.622000
0.342205	21.722000
0.342617	21.822000
0.333229	21.922000
0.319782	22.022000
0.310275	22.122000
0.304184	22.222000
0.300392	22.322000
0.298082	22.422000
0.296846	22.522000
0.296325	22.622000
0.296211	22.722000
0.296448	22.822000
0.296811	22.922000
0.297357	23.022000
0.297988	23.122000
0.298604	23.222000
0.299388	23.322000
0.300097	23.422000
0.300747	23.522000
0.301505	23.622000
0.302230	23.722000
0.302984	23.822000
0.303693	23.922000
0.304374	24.022000
0.305139	24.122000
0.302264	24.222000
0.291584	24.322000
0.282480	24.422000
0.276522	24.522000
0.272792	24.622000
0.270403	24.722000
0.269137	24.822000
0.268515	24.922000
0.268284	25.022000
0.268407	25.122000
0.268660	25.222000
0.269004	25.322000
0.269393	25.422000
0.269895	25.522000
0.270469	25.622000
0.270996	25.722000
0.271554	25.822000
0.272116	25.922000
0.272662	26.022000
0.273239	26.122000
0.273769	26.222000
0.273525	26.322000
0.266438	26.422000
0.258317	26.522000
0.252731	26.622000
0.249152	26.722000
0.246961	26.822000
0.245670	26.922000
0.244961	27.022000
0.244684	27.122000
0.244641	27.222000
0.244840	27.322000
0.245151	27.422000
0.245450	27.522000
0.245853	27.622000
0.246278	27.722000
0.246779	27.822000
0.247282	27.922000
0.247666	28.022000
0.248105	28.122000
0.248556	28.222000
0.249042	28.322000
0.249525	28.422000
0.249961	28.522000
0.250423	28.622000
0.248277	28.722000
0.241146	28.822000
0.235377	28.922000
0.231470	29.022000
0.228991	29.122000
0.227489	29.222000
0.226582	29.322000
0.226188	29.422000
0.226004	29.522000
0.226068	29.622000
0.226275	29.722000
0.226534	29.822000
0.226833	29.922000
0.227142	30.022000
0.227534	30.122000
0.227869	30.222000
0.228210	30.322000
0.228646	30.422000
0.229006	30.522000
0.229408	30.622000
0.229788	30.722000
0.229911	30.822000
0.226037	30.922000
0.220229	31.022000
0.216078	31.122000
0.213395	31.222000
0.211685	31.322000
0.210745	31.422000
0.210093	31.522000
0.209819	31.622000
0.209771	31.722000
0.209821	31.822000
0.210040	31.922000
0.210204	32.022000
0.210481	32.122000
0.210814	32.222000
0.211058	32.322000
0.211384	32.422000
0.211678	32.522000
0.211980	32.622000
0.212358	32.722000
0.212667	32.822000
0.212789	32.922000
0.209505	33.022000
0.204744	33.122000
0.201304	33.222000
0.198961	33.322000
0.197525	33.422000
0.196639	33.522000
0.196171	33.622000
0.196042	33.722000
0.195960	33.822000
0.196005	33.922000
0.196165	34.022000
0.196349	34.122000
0.196590	34.222000
0.196805	34.322000
0.197112	34.422000
0.197325	34.522000
0.197596	34.622000
0.197897	34.722000
0.198148	34.822000
0.198414	34.922000
0.198621	35.022000
0.198855	35.122000
0.199147	35.222000
0.199386	35.322000
0.197970	35.422000
0.193839	35.522000
0.190302	35.622000
0.187981	35.722000
0.186482	35.822000
0.185578	35.922000
0.185098	36.022000
0.184789	36.122000
0.184735	36.222000
0.184719	36.322000
0.184810	36.422000
0.185004	36.522000
0.185130	36.622000
0.185460	36.722000
0.185614	36.822000
0.185770	36.922000
0.186000	37.022000
0.186202	37.122000
0.186462	37.222000
0.186711	37.322000
0.186838	37.422000
0.184972	37.522000
0.181350	37.622000
0.178616	37.722000
0.176795	37.822000
0.175584	37.922000
0.174776	38.022000
0.174380	38.122000
0.174234	38.222000
0.174158	38.322000
0.174201	38.422000
0.174349	38.522000
0.174446	38.622000
0.174606	38.722000
0.174779	38.822000
0.174972	38.922000
0.175144	39.022000
0.175341	39.122000
0.175549	39.222000
0.175769	39.322000
0.175942	39.422000
0.176174	39.522000
0.176320	39.622000
0.176539	39.722000
0.176669	39.822000
0.174642	39.922000
0.171561	40.022000
0.169182	40.122000
0.167662	40.222000
0.166671	40.322000
0.166004	40.422000
0.165713	40.522000
0.165538	40.622000
0.165489	40.722000
0.165526	40.822000
0.165619	40.922000
0.165773	41.022000
0.165888	41.122000
0.166051	41.222000
0.166216	41.322000
0.166312	41.422000
0.166531	41.522000
0.166641	41.622000
0.166862	41.722000
0.167059	41.822000
0.167214	41.922000
0.167291	42.022000
0.167468	42.122000
0.167637	42.222000
0.167849	42.322000
0.167993	42.422000
0.168173	42.522000
0.167160	42.622000
0.164374	42.722000
0.162082	42.822000
0.160445	42.922000
0.159449	43.022000
0.158785	43.122000
0.158428	43.222000
0.158260	43.322000
0.158155	43.422000
0.158184	43.522000
0.158227	43.622000
0.158289	43.722000
0.158446	43.822000
0.158569	43.922000
0.158693	44.022000
0.158830	44.122000
0.158953	44.222000
0.159151	44.322000
0.159250	44.422000
0.159399	44.522000
0.159543	44.622000
0.158717	44.722000
0.156340	44.822000
0.154219	44.922000
0.152801	45.022000
0.151913	45.122000
0.151302	45.222000
0.151045	45.322000
0.150863	45.422000
0.150783	45.522000
0.150784	45.622000
0.150820	45.722000
0.150970	45.822000
0.151058	45.922000
0.151167	46.022000
0.151241	46.122000
0.151336	46.222000
0.151555	46.322000
0.151639	46.422000
0.151749	46.522000
0.151888	46.622000
0.151942	46.722000
0.151805	46.822000
0.149934	46.922000
0.147951	47.022000
0.146491	47.122000
0.145535	47.222000
0.144956	47.322000
0.144590	47.422000
0.144372	47.522000
0.144245	47.622000
0.144202	47.722000
0.144314	47.822000
0.144383	47.922000
0.144417	48.022000
0.144579	48.122000
0.144660	48.222000
0.144793	48.322000
0.144839	48.422000
0.144928	48.522000
0.145086	48.622000
0.145187	48.722000
0.144170	48.822000
0.142231	48.922000
0.140674	49.022000
0.139712	49.122000
0.139045	49.222000
0.138650	49.322000
0.138422	49.422000
0.138253	49.522000
0.138238	49.622000
0.138209	49.722000
0.138301	49.822000
0.138368	49.922000
0.138452	50.022000
0.138558	50.122000
0.138634	50.222000
0.138733	50.322000
0.138847	50.422000
0.138952	50.522000
0.139096	50.622000
0.139165	50.722000
0.138698	50.822000
0.136986	50.922000
0.135441	51.022000
0.134410	51.122000
0.133721	51.222000
0.133309	51.322000
0.133077	51.422000
0.132966	51.522000
0.132952	51.622000
0.132930	51.722000
0.132935	51.822000
0.133038	51.922000
0.133066	52.022000
0.133179	52.122000
0.133241	52.222000
0.133345	52.322000
0.133453	52.422000
0.133534	52.522000
0.133583	52.622000
0.132553	52.722000
0.130959	52.822000
0.129809	52.922000
0.129001	53.022000
0.128545	53.122000
0.128222	53.222000
0.128040	53.322000
0.127993	53.422000
0.127976	53.522000
0.128002	53.622000
0.128013	53.722000
0.128061	53.822000
0.128156	53.922000
0.128245	54.022000
0.128338	54.122000
0.128399	54.222000
0.128452	54.322000
0.128564	54.422000
0.128597	54.522000
0.128616	54.622000
0.127635	54.722000
0.126201	54.822000
0.125196	54.922000
0.124477	55.022000
0.124031	55.122000
0.123753	55.222000
0.123581	55.322000
0.123618	55.422000
0.123574	55.522000
0.123560	55.622000
0.123631	55.722000
0.123661	55.822000
0.123733	55.922000
0.123765	56.022000
0.123885	56.122000
0.123961	56.222000
0.124008	56.322000
0.124074	56.422000
0.124149	56.522000
0.123866	56.622000
0.122686	56.722000
0.121484	56.822000
0.120740	56.922000
0.120211	57.022000
0.119891	57.122000
0.119646	57.222000
0.119563	57.322000
0.119533	57.422000
0.119530	57.522000
0.119562	57.622000
0.119642	57.722000
0.119622	57.822000
0.119704	57.922000
0.119759	58.022000
0.119850	58.122000
0.119901	58.222000
0.119944	58.322000
0.120023	58.422000
0.120077	58.522000
0.119869	58.622000
0.118766	58.722000
0.117665	58.822000
0.116942	58.922000
0.116456	59.022000
0.116151	59.122000
0.116009	59.222000
0.115888	59.322000
0.115859	59.422000
0.115875	59.522000
0.115865	59.622000
0.115944	59.722000
0.115938	59.822000
0.115993	59.922000
0.116062	60.022000
0.116112	60.122000
0.116160	60.222000
0.116170	60.322000
0.116270	60.422000
0.116056	60.522000
0.115054	60.622000
0.114074	60.722000
0.113414	60.822000
0.112943	60.922000
0.112644	61.022000
0.112478	61.122000
0.112418	61.222000
0.112382	61.322000
0.112356	61.422000
0.112399	61.522000
0.112423	61.622000
0.112488	61.722000
0.112507	61.822000
0.112572	61.922000
0.112632	62.022000
0.112664	62.122000
0.112773	62.222000
0.112777	62.322000
0.112828	62.422000
0.112926	62.522000
0.112772	62.622000
0.111923	62.722000
0.110930	62.822000
0.110243	62.922000
0.109862	63.022000
0.109578	63.122000
0.109431	63.222000
0.109303	63.322000
0.109278	63.422000
0.109328	63.522000
0.109296	63.622000
0.109320	63.722000
0.109366	63.822000
0.109421	63.922000
0.109476	64.022000
0.109490	64.122000
0.109568	64.222000
0.109614	64.322000
0.109633	64.422000
0.109709	64.522000
0.109735	64.622000
0.109849	64.722000
0.109911	64.822000
0.109254	64.922000
0.108387	65.022000
0.107596	65.122000
0.107119	65.222000
0.106817	65.322000
0.106584	65.422000
0.106530	65.522000
0.106432	65.622000
0.106402	65.722000
0.106448	65.822000
0.106475	65.922000
0.106488	66.022000
0.106531	66.122000
0.106573	66.222000
0.106615	66.322000
0.106650	66.422000
0.106707	66.522000
0.106795	66.623000
0.106867	66.722000
0.106866	66.822000
0.106937	66.922000
0.106912	67.022000
0.106240	67.122000
0.105396	67.222000
0.104785	67.322000
0.104331	67.422000
0.104093	67.522000
0.103931	67.622000
0.103797	67.722000
0.103792	67.822000
0.103752	67.922000
0.103797	68.022000
0.103798	68.122000
0.103851	68.222000
0.103907	68.322000
0.103958	68.422000
0.104013	68.522000
0.103973	68.622000
0.104042	68.722000
0.104104	68.822000
0.104113	68.922000
0.104160	69.022000
0.104206	69.122000
0.104257	69.222000
0.104330	69.322000
0.104096	69.422000
0.103378	69.522000
0.102671	69.622000
0.102137	69.722000
0.101823	69.822000
0.101585	69.922000
0.101451	70.022000
0.101410	70.122000
0.101309	70.222000
0.101354	70.322000
0.101348	70.422000
0.101391	70.522000
0.101396	70.622000
0.101430	70.722000
0.101476	70.822000
0.101541	70.922000
0.101556	71.022000
0.101626	71.122000
0.101660	71.222000
