0.776146	35.859000
0.776199	35.959000
0.775908	36.059000
0.775610	36.159000
0.775280	36.259000
0.775003	36.359000
0.774643	36.459000
0.774322	36.559000
0.773998	36.659000
0.773667	36.759000
0.773428	36.859000
0.773124	36.959000
0.772782	37.059000
0.772428	37.159000
0.772103	37.259000
0.771854	37.359000
0.771501	37.459000
0.771201	37.559000
0.770906	37.659000
0.770504	37.759000
0.770121	37.859000
0.769772	37.959000
0.769446	38.059000
0.769138	38.159000
0.768751	38.260000
0.768463	38.359000
0.766161	38.459000
0.754510	38.559000
0.743173	38.659000
0.735445	38.759000
0.730586	38.859000
0.727599	38.959000
0.725865	39.059000
0.724931	39.159000
0.724549	39.259000
0.724542	39.359000
0.724647	39.459000
0.724914	39.559000
0.725286	39.659000
0.725661	39.759000
0.726146	39.859000
0.726544	39.959000
0.726943	40.060000
0.726854	40.159000
0.718614	40.259000
0.708169	40.359000
0.700875	40.459000
0.696320	40.559000
0.693688	40.659000
0.692218	40.759000
0.691682	40.859000
0.691529	40.959000
0.691767	41.059000
0.692273	41.159000
0.692823	41.259000
0.693496	41.359000
0.694213	41.459000
0.694934	41.559000
0.695699	41.659000
0.696405	41.759000
0.697160	41.859000
0.697791	41.959000
0.698360	42.059000
0.693637	42.159000
0.683590	42.259000
0.675998	42.359000
0.671342	42.459000
0.668559	42.559000
0.667044	42.659000
0.666405	42.759000
0.666334	42.859000
0.666661	42.959000
0.667146	43.059000
0.667764	43.159000
0.668313	43.259000
0.669075	43.359000
0.669856	43.459000
0.670628	43.559000
0.671417	43.659000
0.671362	43.760000
0.664261	43.859000
0.655519	43.959000
0.649512	44.059000
0.646070	44.159000
0.644031	44.259000
0.643038	44.359000
0.642709	44.459000
0.642847	44.559000
0.643291	44.659000
0.643839	44.759000
0.644517	44.859000
0.645303	44.959000
0.646059	45.059000
0.646893	45.159000
0.647640	45.259000
0.648435	45.359000
0.649167	45.459000
0.644868	45.559000
0.636238	45.659000
0.629810	45.759000
0.625899	45.859000
0.623625	45.959000
0.622351	46.059000
0.621933	46.159000
0.621925	46.260000
0.622243	46.359000
0.622756	46.459000
0.623353	46.559000
0.624138	46.659000
0.624852	46.759000
0.625535	46.859000
0.624632	46.959000
0.617075	47.059000
0.610143	47.159000
0.605665	47.259000
0.603015	47.359000
0.601531	47.459000
0.600841	47.559000
0.600739	47.659000
0.600974	47.759000
0.601403	47.859000
0.602025	47.959000
0.602623	48.059000
0.603356	48.159000
0.604157	48.259000
0.604888	48.359000
0.605663	48.459000
0.606387	48.559000
0.607186	48.659000
0.607903	48.759000
0.604667	48.859000
0.597061	48.959000
0.591158	49.059000
0.587577	49.159000
0.585426	49.259000
0.584254	49.359000
0.583805	49.459000
0.583749	49.559000
0.583995	49.659000
0.584479	49.759000
0.584970	49.859000
0.585593	49.959000
0.586206	50.059000
0.586879	50.159000
0.587604	50.259000
0.588240	50.359000
0.588920	50.459000
0.589565	50.559000
0.590190	50.659000
0.590716	50.759000
0.587268	50.859000
0.580053	50.959000
0.574528	51.059000
0.571091	51.159000
0.569059	51.259000
0.567906	51.359000
0.567466	51.459000
0.567355	51.559000
0.567450	51.659000
0.567811	51.759000
0.568240	51.859000
0.568757	51.959000
0.569358	52.059000
0.569817	52.159000
0.570423	52.259000
0.570945	52.359000
0.568670	52.459000
0.561854	52.559000
0.556400	52.660000
0.552994	52.759000
0.550872	52.859000
0.549692	52.959000
0.549195	53.059000
0.549005	53.159000
0.549208	53.259000
0.549463	53.359000
0.549944	53.459000
0.550478	53.559000
0.550953	53.659000
0.551467	53.759000
0.551972	53.859000
0.552456	53.959000
0.552986	54.059000
0.553476	54.159000
0.554020	54.259000
0.554528	54.359000
0.554974	54.459000
0.551483	54.559000
0.544947	54.659000
0.540259	54.759000
0.537225	54.859000
0.535327	54.959000
0.534339	55.059000
0.533790	55.159000
0.533664	55.259000
0.533795	55.359000
0.534054	55.459000
0.534399	55.559000
0.534743	55.659000
0.535179	55.759000
0.535644	55.859000
0.536039	55.959000
0.536453	56.059000
0.536884	56.159000
0.537408	56.259000
0.537828	56.359000
0.538205	56.459000
0.537469	56.559000
0.531765	56.659000
0.526307	56.759000
0.522686	56.859000
0.520413	56.959000
0.519088	57.059000
0.518290	57.159000
0.518049	57.259000
0.518037	57.359000
0.518115	57.460000
0.518408	57.559000
0.518703	57.659000
0.519058	57.759000
0.519425	57.859000
0.519750	57.959000
0.520172	58.060000
0.520541	58.159000
0.520936	58.259000
0.521330	58.359000
0.521655	58.459000
0.522100	58.559000
0.520018	58.660000
0.514153	58.759000
0.509489	58.859000
0.506468	58.959000
0.504626	59.059000
0.503510	59.159000
0.502916	59.259000
0.502684	59.359000
0.502593	59.459000
0.502718	59.559000
0.502926	59.659000
0.503170	59.759000
0.503549	59.859000
0.503814	59.959000
0.504140	60.059000
0.504476	60.159000
0.504861	60.259000
0.505218	60.359000
0.504808	60.459000
0.500393	60.559000
0.495248	60.659000
0.491687	60.760000
0.489565	60.859000
0.488169	60.959000
0.487445	61.059000
0.487073	61.159000
0.486915	61.259000
0.486985	61.359000
0.487092	61.459000
0.487326	61.559000
0.487586	61.659000
0.487881	61.759000
0.488196	61.859000
0.488438	61.959000
0.488789	62.059000
0.489175	62.159000
0.489481	62.259000
0.489826	62.359000
0.490107	62.459000
0.490307	62.559000
0.489744	62.659000
0.484943	62.759000
0.480268	62.859000
0.477125	62.959000
0.475255	63.059000
0.474076	63.159000
0.473313	63.259000
0.472980	63.359000
0.472771	63.459000
0.472796	63.559000
0.472927	63.659000
0.473093	63.759000
0.473387	63.859000
0.473611	63.959000
0.473871	64.059000
0.474147	64.159000
0.474400	64.259000
0.474697	64.359000
0.474952	64.459000
0.475195	64.559000
0.474531	64.659000
0.469955	64.759000
0.465607	64.859000
0.462700	64.959000
0.460834	65.059000
0.459749	65.159000
0.459029	65.259000
0.458760	65.359000
0.458615	65.459000
0.458617	65.559000
0.458740	65.659000
0.458844	65.759000
0.459066	65.859000
0.459281	65.959000
0.459445	66.059000
0.459729	66.159000
0.459979	66.259000
0.459059	66.359000
0.454699	66.459000
0.450694	66.559000
0.448112	66.659000
0.446481	66.759000
0.445493	66.859000
0.444877	66.959000
0.444548	67.059000
0.444485	67.159000
0.444455	67.259000
0.444620	67.359000
0.444823	67.459000
0.444954	67.559000
0.445213	67.659000
0.445351	67.759000
0.445546	67.859000
0.445822	67.959000
0.446036	68.059000
0.446314	68.159000
0.446495	68.259000
0.446646	68.359000
0.444499	68.459000
0.440285	68.559000
0.437068	68.659000
0.434910	68.759000
0.433472	68.859000
0.432685	68.959000
0.432189	69.059000
0.431987	69.159000
0.431892	69.259000
0.431916	69.359000
0.432063	69.459000
0.432221	69.559000
0.432387	69.659000
0.432573	69.759000
0.432766	69.859000
0.433013	69.959000
0.433184	70.059000
0.433293	70.159000
0.430743	70.259000
0.426722	70.359000
0.423795	70.459000
0.421914	70.559000
0.420731	70.659000
0.420011	70.759000
0.419601	70.859000
0.419468	70.959000
0.419409	71.059000
0.419481	71.159000
0.419560	71.259000
0.419681	71.359000
0.419883	71.459000
0.420011	71.559000
0.420227	71.659000
0.420464	71.759000
0.420621	71.859000
0.420879	71.959000
0.421012	72.059000
0.418881	72.159000
0.415077	72.259000
0.412165	72.359000
0.410343	72.459000
0.409143	72.559000
0.408438	72.659000
0.408083	72.759000
0.407854	72.859000
0.407842	72.959000
0.407853	73.059000
0.407941	73.159000
0.408074	73.259000
0.408138	73.359000
0.408369	73.459000
0.408515	73.559000
0.408711	73.659000
0.408911	73.759000
0.409020	73.859000
0.409211	73.959000
0.409391	74.059000
0.408984	74.159000
0.405788	74.259000
0.402532	74.359000
0.400317	74.459000
0.398843	74.559000
0.397946	74.659000
0.397456	74.759000
0.397095	74.859000
0.397002	74.959000
0.396986	75.059000
0.397008	75.159000
0.397163	75.259000
0.397266	75.359000
0.397378	75.459000
0.397533	75.559000
0.397647	75.659000
0.397878	75.759000
0.398067	75.859000
0.398245	75.959000
0.398384	76.059000
0.398486	76.159000
0.398693	76.259000
0.398824	76.359000
0.398492	76.459000
0.395452	76.559000
0.392302	76.659000
0.390197	76.759000
0.388749	76.859000
0.387920	76.959000
0.387416	77.059000
0.387103	77.159000
0.386996	77.259000
0.386957	77.359000
0.387041	77.459000
0.387142	77.559000
0.387216	77.659000
0.387391	77.759000
0.387511	77.859000
0.387664	77.959000
0.387796	78.059000
0.387897	78.159000
0.388102	78.259000
0.388171	78.359000
0.386301	78.459000
0.383117	78.559000
0.380607	78.659000
0.379088	78.759000
0.378077	78.859000
0.377451	78.959000
0.377146	79.059000
0.376925	79.159000
0.376885	79.259000
0.376893	79.359000
0.376932	79.459000
0.377075	79.559000
0.377124	79.659000
0.377252	79.759000
0.377383	79.859000
0.377488	79.959000
0.377683	80.059000
0.377801	80.159000
0.377952	80.259000
0.378080	80.359000
0.376980	80.459000
0.374004	80.559000
0.371444	80.659000
0.369806	80.759000
0.368706	80.859000
0.368034	80.959000
0.367742	81.059000
0.367514	81.159000
0.367418	81.259000
0.367392	81.359000
0.367440	81.459000
0.367517	81.559000
0.367581	81.659000
0.367724	81.759000
0.367867	81.859000
0.367992	81.959000
0.368106	82.059000
0.368198	82.159000
0.368377	82.259000
0.368546	82.360000
0.368608	82.459000
0.368775	82.559000
0.368893	82.659000
0.369013	82.759000
0.369161	82.859000
0.369265	82.959000
0.369444	83.059000
0.369515	83.159000
0.369397	83.259000
0.367221	83.359000
0.364341	83.459000
0.362356	83.559000
0.361053	83.659000
0.360205	83.759000
0.359735	83.859000
0.359427	83.959000
0.359288	84.059000
0.359232	84.159000
0.359203	84.259000
0.359284	84.359000
0.359313	84.459000
0.359448	84.559000
0.359567	84.659000
0.359633	84.759000
0.359783	84.859000
0.359898	84.959000
0.360063	85.059000
0.360165	85.159000
0.360236	85.259000
0.360405	85.359000
0.360409	85.459000
0.360527	85.559000
0.360682	85.659000
0.359607	85.759000
0.356877	85.859000
0.354508	85.959000
0.353010	86.059000
0.352041	86.159000
0.351408	86.259000
0.351073	86.359000
0.350871	86.459000
0.350802	86.559000
0.350805	86.659000
0.350846	86.759000
0.350946	86.859000
0.350992	86.959000
0.351071	87.059000
0.351095	87.159000
0.351224	87.259000
0.351343	87.359000
0.351438	87.459000
0.351491	87.559000
0.351633	87.659000
0.351688	87.759000
0.351758	87.859000
0.350288	87.959000
0.347601	88.059000
0.345508	88.159000
0.344261	88.259000
0.343496	88.359000
0.342935	88.459000
0.342642	88.559000
0.342564	88.659000
0.342426	88.759000
0.342443	88.859000
0.342490	88.959000
0.342527	89.059000
0.342643	89.159000
0.342701	89.259000
0.342846	89.359000
0.342887	89.459000
0.341423	89.559000
0.338994	89.659000
0.337065	89.759000
0.335835	89.859000
0.335084	89.959000
0.334557	90.059000
0.334325	90.159000
0.334141	90.259000
0.334120	90.359000
0.334108	90.459000
0.334071	90.559000
0.334137	90.659000
0.334218	90.759000
0.334340	90.859000
0.334463	90.959000
0.334537	91.059000
0.334673	91.159000
0.334724	91.259000
0.334821	91.359000
0.333930	91.459000
0.331483	91.559000
0.329641	91.659000
0.328314	91.759000
0.327475	91.859000
0.327012	91.959000
0.326680	92.059000
0.326569	92.159000
0.326486	92.259000
0.326443	92.359000
0.326526	92.459000
0.326528	92.559000
0.326656	92.659000
0.326705	92.759000
0.326769	92.859000
0.326897	92.959000
0.326969	93.059000
0.327092	93.159000
0.327220	93.259000
0.327284	93.359000
0.327308	93.459000
0.326146	93.559000
0.323889	93.659000
0.322161	93.759000
0.321044	93.859000
0.320301	93.959000
0.319817	94.059000
0.319543	94.159000
0.319457	94.259000
0.319354	94.360000
0.319358	94.459000
0.319298	94.559000
0.319393	94.659000
0.319510	94.759000
0.319578	94.859000
0.319695	94.959000
0.319794	95.059000
0.319862	95.159000
0.319940	95.259000
0.320021	95.359000
0.320144	95.459000
0.320198	95.559000
0.320303	95.659000
0.320404	95.759000
0.319141	95.859000
0.317010	95.959000
0.315297	96.059000
0.314243	96.159000
0.313565	96.259000
0.313093	96.359000
0.312852	96.459000
0.312722	96.559000
0.312670	96.659000
0.312707	96.759000
0.312697	96.859000
0.312781	96.959000
0.312824	97.059000
0.312837	97.159000
0.313038	97.259000
0.313041	97.359000
0.313157	97.459000
0.313186	97.559000
0.313236	97.659000
0.313379	97.759000
0.313420	97.859000
0.313613	97.959000
0.313636	98.059000
0.313092	98.159000
0.311159	98.259000
0.309330	98.359000
0.308158	98.459000
0.307413	98.559000
0.306900	98.659000
0.306618	98.759000
0.306429	98.859000
0.306365	98.959000
0.306315	99.059000
0.306330	99.159000
0.306370	99.259000
0.306391	99.359000
0.306530	99.459000
0.306384	99.559000
0.304769	99.659000
0.302973	99.759000
0.301628	99.859000
0.300771	99.959000
0.300210	100.059000
0.299864	100.159000
0.299719	100.259000
0.299572	100.359000
0.299571	100.459000
0.299615	100.559000
0.299648	100.659000
0.299705	100.759000
0.299761	100.859000
0.299848	100.959000
0.299908	101.059000
0.299917	101.159000
0.300015	101.260000
0.300107	101.359000
0.300177	101.459000
0.300277	101.559000
0.300370	101.659000
0.300486	101.759000
0.300461	101.859000
0.299274	101.959000
0.297436	102.059000
0.296050	102.159000
0.295189	102.259000
0.294560	102.359000
0.294131	102.459000
0.293956	102.559000
0.293848	102.659000
0.293856	102.759000
0.293821	102.859000
0.293836	102.959000
0.293940	103.059000
0.293966	103.159000
0.294020	103.259000
0.294100	103.359000
0.294128	103.459000
0.294267	103.559000
0.294292	103.659000
0.294354	103.759000
0.293243	103.859000
0.291439	103.959000
0.290108	104.059000
0.289255	104.159000
0.288670	104.259000
0.288328	104.359000
0.288120	104.459000
0.288051	104.559000
0.288005	104.659000
0.288006	104.759000
0.288025	104.859000
0.287999	104.959000
0.288109	105.059000
0.288135	105.159000
0.288192	105.259000
0.288291	105.359000
0.288316	105.459000
0.288420	105.559000
0.288485	105.659000
0.288562	105.760000
0.288662	105.859000
0.288718	105.959000
0.288828	106.059000
0.288854	106.159000
0.287768	106.259000
0.286177	106.359000
0.284803	106.459000
0.283994	106.559000
0.283459	106.659000
0.283108	106.759000
0.282892	106.859000
0.282772	106.959000
0.282727	107.059000
0.282719	107.159000
0.282737	107.259000
0.282844	107.359000
0.282809	107.459000
0.282869	107.559000
0.282936	107.659000
0.283014	107.759000
0.283117	107.859000
0.283111	107.959000
0.283204	108.059000
0.283256	108.159000
0.283302	108.259000
0.283405	108.359000
0.283486	108.459000
0.283542	108.559000
0.283622	108.659000
0.283091	108.759000
0.281510	108.859000
0.280041	108.959000
0.279116	109.059000
0.278539	109.159000
0.278063	109.259000
0.277877	109.359000
0.277734	109.459000
0.277649	109.559000
0.277641	109.659000
0.277600	109.759000
0.277721	109.859000
0.277766	109.959000
0.277800	110.059000
0.277869	110.159000
0.277872	110.259000
0.277959	110.359000
0.278021	110.459000
0.278078	110.559000
0.278142	110.659000
0.278164	110.759000
0.278203	110.859000
0.277373	110.959000
0.275825	111.059000
0.274597	111.159000
0.273745	111.259000
0.273282	111.359000
0.272965	111.459000
0.272733	111.559000
0.272653	111.659000
0.272609	111.760000
0.272659	111.859000
0.272653	111.959000
0.272636	112.059000
0.272698	112.159000
0.272676	112.259000
0.272772	112.359000
0.272861	112.459000
0.272897	112.559000
0.273041	112.659000
0.273023	112.759000
0.273069	112.859000
0.273163	112.959000
0.272976	113.059000
0.271709	113.159000
0.270220	113.259000
0.269246	113.359000
0.268657	113.459000
0.268207	113.559000
0.268008	113.659000
0.267842	113.759000
0.267771	113.859000
0.267795	113.959000
0.267724	114.059000
0.267789	114.159000
0.267775	114.259000
0.267858	114.359000
0.267941	114.459000
0.267947	114.559000
0.268037	114.659000
0.268100	114.759000
0.268177	114.859000
0.268186	114.959000
0.268173	115.059000
0.268313	115.159000
0.268128	115.259000
0.266760	115.359000
0.265418	115.459000
0.264470	115.559000
0.263867	115.659000
0.263508	115.759000
0.263310	115.859000
0.263196	115.959000
0.263103	116.059000
0.263138	116.159000
0.263124	116.259000
0.263138	116.359000
0.263234	116.459000
0.263289	116.559000
0.263366	116.659000
0.263363	116.759000
0.263362	116.859000
0.263424	116.959000
0.263439	117.059000
0.263542	117.159000
0.262770	117.259000
0.261359	117.359000
0.260319	117.459000
0.259591	117.559000
0.259143	117.659000
0.258876	117.759000
0.258685	117.859000
0.258579	117.959000
0.258520	118.059000
0.258540	118.159000
0.258547	118.259000
0.258563	118.359000
0.258624	118.459000
0.258674	118.559000
0.258722	118.659000
0.258794	118.759000
0.258714	118.859000
0.257700	118.959000
0.256414	119.059000
0.255441	119.159000
0.254862	119.259000
0.254446	119.359000
0.254251	119.459000
0.254079	119.559000
0.253995	119.659000
0.254028	119.759000
0.253977	119.859000
0.254028	119.959000
0.254055	120.059000
0.254091	120.159000
0.254144	120.259000
0.254167	120.359000
0.254269	120.459000
0.254343	120.559000
0.254352	120.659000
0.254432	120.759000
0.254509	120.859000
0.254398	120.959000
0.253282	121.059000
0.252042	121.159000
0.251242	121.259000
0.250692	121.359000
0.250386	121.459000
0.250180	121.559000
0.249999	121.659000
0.250000	121.759000
0.249952	121.859000
0.249945	121.959000
0.249989	122.059000
0.249989	122.159000
0.250060	122.259000
0.250084	122.359000
0.250153	122.459000
0.250190	122.559000
0.250207	122.659000
0.250268	122.759000
0.250320	122.859000
0.250191	122.959000
0.249113	123.059000
0.247897	123.159000
0.247128	123.259000
0.246617	123.359000
0.246307	123.459000
0.246129	123.559000
0.246043	123.659000
0.245953	123.759000
0.245904	123.859000
0.245895	123.959000
0.245929	124.059000
0.245944	124.159000
0.246020	124.259000
0.246050	124.359000
0.246172	124.459000
0.246187	124.559000
0.246174	124.659000
0.246271	124.759000
0.246289	124.859000
0.246361	124.959000
0.246445	125.059000
0.246434	125.159000
0.246491	125.259000
0.246518	125.359000
0.246560	125.459000
0.246623	125.559000
0.246263	125.659000
0.245151	125.759000
0.244160	125.859000
0.243451	125.959000
0.243061	126.059000
0.242707	126.159000
0.242589	126.259000
0.242494	126.359000
0.242431	126.459000
0.242442	126.559000
0.242405	126.659000
0.242471	126.759000
0.242481	126.859000
0.242511	126.959000
0.242616	127.059000
0.242620	127.159000
0.242697	127.259000
0.242712	127.359000
0.242757	127.459000
0.242841	127.559000
0.242837	127.659000
0.242871	127.759000
0.242887	127.859000
0.242910	127.959000
0.243023	128.059000
0.242917	128.159000
0.241974	128.259000
0.240933	128.359000
0.240126	128.459000
0.239639	128.559000
0.239272	128.659000
0.239085	128.759000
0.238971	128.859000
0.238890	128.959000
0.238888	129.059000
0.238833	129.159000
0.238883	129.259000
0.238941	129.359000
0.238937	129.459000
0.239002	129.559000
0.239026	129.659000
0.239065	129.759000
0.239090	129.859000
0.239107	129.959000
0.239160	130.059000
0.238632	130.159000
0.237595	130.259000
0.236714	130.359000
0.236053	130.459000
0.235700	130.559000
0.235424	130.660000
0.235275	130.759000
0.235225	130.859000
0.235197	130.959000
0.235216	131.059000
0.235212	131.159000
0.235266	131.259000
0.235337	131.359000
0.235348	131.459000
0.235388	131.559000
0.235374	131.659000
0.235352	131.759000
0.235452	131.859000
0.235269	131.959000
0.234343	132.059000
0.233405	132.159000
0.232706	132.259000
0.232305	132.359000
0.231988	132.459000
0.231817	132.559000
0.231713	132.659000
0.231647	132.759000
0.231696	132.859000
0.231654	132.959000
0.231653	133.059000
0.231686	133.159000
0.231708	133.259000
0.231811	133.359000
0.231821	133.459000
0.231935	133.559000
0.231891	133.659000
0.231896	133.759000
0.231952	133.859000
0.231993	133.959000
0.232039	134.059000
0.232210	134.159000
0.232226	134.259000
0.232224	134.359000
0.232195	134.459000
0.232292	134.559000
0.231912	134.659000
0.230833	134.759000
0.230047	134.859000
0.229412	134.959000
0.229027	135.059000
0.228823	135.159000
0.228631	135.259000
0.228578	135.359000
0.228544	135.459000
0.228519	135.559000
0.228567	135.659000
0.228563	135.759000
0.228608	135.859000
0.228570	135.959000
0.228618	136.059000
0.228723	136.159000
0.228742	136.259000
0.228787	136.359000
0.228455	136.459000
0.227486	136.559000
0.226674	136.659000
0.226066	136.759000
0.225710	136.859000
0.225478	136.959000
0.225313	137.059000
0.225261	137.159000
0.225234	137.259000
0.225250	137.359000
0.225242	137.459000
0.225213	137.559000
0.225271	137.659000
0.225260	137.759000
0.225315	137.859000
0.225369	137.959000
0.225387	138.059000
0.225472	138.159000
0.225101	138.259000
0.224209	138.359000
0.223438	138.459000
0.222857	138.559000
0.222528	138.659000
0.222248	138.759000
0.222123	138.859000
0.222089	138.959000
0.222025	139.059000
0.222028	139.159000
0.221997	139.259000
0.221984	139.359000
0.222063	139.459000
0.222047	139.559000
0.222111	139.659000
0.222095	139.759000
0.221529	139.859000
0.220681	139.959000
0.219900	140.059000
0.219499	140.159000
0.219222	140.259000
0.219058	140.359000
0.219004	140.459000
0.218898	140.559000
0.218855	140.659000
0.218839	140.759000
0.218841	140.859000
0.218887	140.959000
0.218894	141.059000
0.218982	141.159000
0.218981	141.259000
0.219047	141.359000
0.219125	141.459000
0.219114	141.559000
0.219154	141.659000
0.219142	141.759000
0.219038	141.859000
0.218337	141.959000
0.217478	142.059000
0.216912	142.159000
0.216554	142.259000
0.216283	142.359000
0.216114	142.459000
0.216048	142.559000
0.216064	142.659000
0.216062	142.759000
0.216005	142.859000
0.216066	142.959000
0.216050	143.059000
0.216082	143.159000
0.216116	143.259000
0.216115	143.359000
0.216208	143.459000
0.216204	143.559000
0.216109	143.659000
0.215357	143.759000
0.214579	143.859000
0.214006	143.959000
0.213602	144.059000
0.213365	144.159000
0.213217	144.259000
0.213112	144.359000
0.213113	144.459000
0.213061	144.559000
0.213062	144.659000
0.213081	144.759000
0.213101	144.859000
0.213180	144.959000
0.213208	145.059000
0.213217	145.159000
0.213302	145.259000
0.213292	145.359000
0.213379	145.459000
0.213313	145.559000
0.212671	145.659000
0.211910	145.759000
0.211296	145.859000
0.210947	145.959000
0.210668	146.059000
0.210489	146.159000
0.210405	146.259000
0.210322	146.360000
0.210343	146.459000
0.210351	146.559000
0.210383	146.659000
0.210480	146.759000
0.210475	146.859000
0.210537	146.959000
0.210566	147.059000
0.210552	147.159000
0.210630	147.259000
0.210173	147.359000
0.209382	147.459000
0.208763	147.559000
0.208285	147.659000
0.208067	147.759000
0.207854	147.859000
0.207760	147.959000
0.207662	148.059000
0.207637	148.159000
0.207680	148.259000
0.207669	148.360000
0.207720	148.459000
0.207769	148.559000
0.207785	148.659000
0.207800	148.759000
0.207805	148.859000
0.207879	148.959000
0.207916	149.059000
0.207924	149.159000
0.208003	149.259000
0.207978	149.359000
0.207995	149.459000
0.208103	149.559000
0.208129	149.659000
0.208160	149.759000
0.208155	149.859000
0.208207	149.959000
0.208259	150.059000
0.207648	150.159000
0.206897	150.259000
0.206301	150.359000
0.205924	150.459000
0.205715	150.559000
0.205567	150.659000
0.205519	150.759000
0.205436	150.859000
0.205426	150.959000
0.205441	151.059000
0.205446	151.160000
0.205485	151.259000
0.205473	151.359000
0.205524	151.459000
0.205567	151.559000
0.205528	151.659000
0.205576	151.759000
0.205588	151.859000
0.205657	151.959000
0.205725	152.059000
0.205724	152.159000
0.205779	152.259000
0.205814	152.359000
0.205826	152.459000
0.205863	152.559000
0.205853	152.659000
0.205941	152.759000
0.205949	152.859000
0.205795	152.959000
0.205135	153.059000
0.204475	153.159000
0.204007	153.259000
0.203727	153.359000
0.203508	153.459000
0.203387	153.559000
0.203249	153.659000
0.203277	153.759000
0.203257	153.859000
0.203239	153.959000
0.203241	154.059000
0.203262	154.159000
0.203328	154.259000
0.203318	154.359000
0.203340	154.459000
0.203404	154.559000
0.203451	154.659000
0.203526	154.759000
0.203534	154.859000
0.203543	154.959000
0.203624	155.059000
0.203627	155.159000
0.203643	155.259000
0.203676	155.359000
0.203631	155.459000
0.203713	155.559000
0.203651	155.659000
0.202999	155.759000
0.202366	155.859000
0.201797	155.959000
0.201492	156.059000
0.201300	156.159000
0.201160	156.259000
0.201105	156.359000
0.201001	156.459000
0.201030	156.559000
0.200943	156.659000
0.200993	156.759000
0.201037	156.859000
0.201043	156.959000
0.201108	157.059000
0.201114	157.159000
0.201158	157.259000
0.201218	157.359000
0.201186	157.459000
0.201228	157.559000
0.200840	157.659000
0.200099	157.759000
0.199605	157.859000
0.199208	157.959000
0.198968	158.059000
0.198734	158.159000
0.198624	158.259000
0.198610	158.359000
0.198581	158.459000
0.198610	158.559000
0.198604	158.659000
0.198621	158.759000
0.198663	158.859000
0.198649	158.959000
0.198707	159.059000
0.198766	159.159000
0.198735	159.259000
0.198818	159.359000
0.198801	159.459000
0.198876	159.559000
0.198895	159.659000
0.198888	159.760000
0.198950	159.859000
0.198953	159.959000
0.199001	160.059000
0.199054	160.159000
0.199061	160.259000
0.199077	160.359000
0.198563	160.459000
0.197903	160.559000
0.197400	160.659000
0.197010	160.759000
0.196806	160.859000
0.196616	160.959000
0.196495	161.059000
0.196462	161.159000
0.196424	161.259000
0.196444	161.359000
0.196478	161.459000
0.196533	161.559000
0.196556	161.659000
0.196520	161.759000
0.196578	161.859000
0.196567	161.959000
0.196637	162.059000
0.196698	162.159000
0.196695	162.259000
0.196756	162.359000
0.196763	162.459000
0.196802	162.559000
0.196397	162.659000
0.195695	162.759000
0.195210	162.859000
0.194818	162.959000
0.194607	163.059000
0.194492	163.159000
0.194317	163.259000
0.194293	163.359000
0.194294	163.459000
0.194252	163.559000
0.194278	163.659000
0.194270	163.759000
0.194296	163.859000
0.194324	163.959000
0.194316	164.059000
0.194400	164.159000
0.194422	164.259000
0.194454	164.359000
0.194465	164.459000
0.194480	164.559000
0.194565	164.659000
0.194579	164.759000
0.194640	164.859000
0.194671	164.959000
0.194668	165.059000
0.194712	165.159000
0.194712	165.259000
0.194694	165.359000
0.194239	165.459000
0.193568	165.559000
0.193087	165.659000
0.192715	165.759000
0.192509	165.859000
0.192400	165.959000
0.192328	166.059000
0.192309	166.159000
0.192248	166.259000
0.192286	166.359000
0.192299	166.459000
0.192304	166.559000
0.192378	166.659000
0.192347	166.759000
0.192348	166.859000
0.192409	166.959000
0.192377	167.059000
0.192451	167.159000
0.192449	167.259000
0.192502	167.359000
0.192563	167.459000
0.192547	167.559000
0.192593	167.659000
0.192589	167.759000
0.192612	167.859000
0.192657	167.960000
0.192670	168.059000
0.192746	168.159000
0.192763	168.259000
0.192732	168.359000
0.192298	168.459000
0.191609	168.559000
0.191216	168.659000
0.190882	168.759000
0.190635	168.859000
0.190497	168.959000
0.190368	169.059000
0.190343	169.159000
0.190349	169.259000
0.190325	169.359000
0.190368	169.459000
0.190358	169.559000
0.190414	169.659000
0.190391	169.759000
0.190355	169.859000
0.190447	169.959000
0.190484	170.059000
0.190535	170.159000
0.190505	170.259000
0.190525	170.359000
0.190589	170.459000
0.190572	170.559000
0.190618	170.659000
0.190684	170.759000
0.190650	170.859000
0.190704	170.959000
0.190701	171.059000
0.190737	171.159000
0.190717	171.259000
0.190725	171.359000
0.190740	171.459000
0.190382	171.559000
0.189785	171.659000
0.189268	171.759000
0.188908	171.859000
0.188734	171.959000
0.188563	172.059000
0.188546	172.159000
0.188480	172.259000
0.188410	172.359000
0.188410	172.459000
0.188424	172.559000
0.188412	172.659000
0.188457	172.759000
0.188479	172.859000
0.188520	172.959000
0.188547	173.059000
0.188530	173.159000
0.188597	173.259000
0.188549	173.359000
0.188617	173.459000
0.188618	173.559000
0.188633	173.659000
0.188688	173.759000
0.188695	173.859000
0.188746	173.959000
0.188776	174.059000
0.188834	174.160000
0.188871	174.259000
0.188858	174.359000
0.188889	174.459000
0.188506	174.559000
0.187853	174.659000
0.187365	174.759000
0.186994	174.859000
0.186836	174.959000
0.186701	175.059000
0.186621	175.159000
0.186584	175.259000
0.186541	175.359000
0.186546	175.459000
0.186539	175.559000
0.186524	175.659000
0.186566	175.759000
0.186566	175.859000
0.186623	175.959000
0.186639	176.059000
0.186617	176.159000
0.186682	176.259000
0.186646	176.359000
0.186725	176.459000
0.186723	176.559000
0.186716	176.659000
0.186793	176.759000
0.186801	176.859000
0.186840	176.959000
0.186858	177.059000
0.186831	177.159000
0.186835	177.259000
0.186887	177.359000
0.186944	177.459000
0.186951	177.559000
0.186955	177.659000
0.187009	177.759000
0.186889	177.859000
0.186338	177.959000
0.185796	178.059000
0.185344	178.159000
0.185100	178.259000
0.184933	178.359000
0.184839	178.459000
0.184805	178.559000
0.184750	178.659000
0.184765	178.759000
0.184758	178.859000
0.184765	178.959000
0.184813	179.059000
0.184795	179.159000
0.184830	179.259000
0.184866	179.359000
0.184880	179.459000
0.184888	179.559000
0.184855	179.659000
0.184890	179.759000
0.184925	179.859000
0.184987	179.959000
0.184957	180.059000
0.184959	180.159000
0.185001	180.259000
0.185011	180.359000
0.185027	180.459000
0.185122	180.559000
0.185104	180.659000
0.185134	180.759000
0.185168	180.859000
0.185132	180.959000
0.185196	181.059000
0.185150	181.159000
0.185216	181.259000
0.185222	181.359000
0.185175	181.459000
0.184774	181.559000
0.184187	181.659000
0.183748	181.759000
0.183457	181.859000
0.183267	181.959000
0.183182	182.059000
0.183118	182.159000
0.183108	182.259000
0.183031	182.359000
0.183004	182.459000
0.183082	182.559000
0.182996	182.659000
0.183036	182.759000
0.183100	182.859000
0.183077	182.959000
0.183148	183.059000
0.183116	183.159000
0.183146	183.259000
0.183166	183.359000
0.183158	183.459000
0.183203	183.559000
0.183225	183.659000
0.183256	183.759000
0.183295	183.859000
0.183297	183.959000
0.183315	184.059000
0.183323	184.159000
0.183311	184.259000
0.183367	184.359000
0.183348	184.459000
0.183376	184.559000
0.183407	184.659000
0.183428	184.759000
0.183436	184.859000
0.183442	184.959000
0.183490	185.059000
0.183454	185.159000
0.183340	185.259000
0.182846	185.359000
0.182258	185.459000
0.181874	185.559000
0.181646	185.659000
0.181478	185.759000
0.181389	185.859000
0.181320	185.959000
0.181321	186.059000
0.181339	186.159000
0.181326	186.259000
0.181321	186.359000
0.181330	186.459000
0.181358	186.559000
0.181320	186.659000
0.181299	186.759000
0.181359	186.859000
0.181348	186.959000
0.181473	187.059000
0.181491	187.159000
0.181394	187.259000
0.181483	187.359000
0.181460	187.459000
0.181445	187.559000
0.181405	187.659000
0.181406	187.759000
0.181473	187.859000
0.181463	187.960000
0.181520	188.059000
0.181584	188.159000
0.181566	188.259000
0.181638	188.359000
0.181580	188.459000
0.181093	188.559000
0.180539	188.659000
0.180126	188.759000
0.179933	188.859000
0.179718	188.959000
0.179599	189.059000
0.179584	189.159000
0.179486	189.259000
0.179504	189.359000
0.179479	189.459000
0.179505	189.559000
0.179538	189.659000
0.179551	189.759000
0.179548	189.859000
0.179560	189.959000
0.179550	190.059000
0.179595	190.159000
0.179594	190.259000
0.179621	190.359000
0.179575	190.459000
0.179594	190.559000
0.179669	190.659000
0.179670	190.759000
0.179659	190.859000
0.179677	190.959000
0.179710	191.059000
0.179732	191.159000
0.179691	191.259000
0.179501	191.359000
0.178985	191.459000
0.178498	191.559000
0.178184	191.659000
0.177957	191.759000
0.177818	191.859000
0.177737	191.959000
0.177660	192.059000
0.177715	192.160000
0.177649	192.259000
0.177648	192.359000
0.177658	192.459000
0.177663	192.559000
0.177693	192.659000
0.177689	192.759000
0.177761	192.859000
0.177781	192.959000
0.177757	193.059000
0.177749	193.159000
0.177763	193.259000
0.177790	193.359000
0.177801	193.459000
0.177757	193.559000
0.177859	193.659000
0.177830	193.759000
0.177883	193.859000
0.177927	193.959000
0.177892	194.059000
0.177870	194.159000
0.177900	194.259000
0.177941	194.359000
0.177983	194.459000
0.177949	194.559000
0.177682	194.659000
0.177101	194.759000
0.176652	194.859000
0.176410	194.959000
0.176177	195.059000
0.176083	195.159000
0.175964	195.259000
0.175940	195.359000
0.175976	195.459000
0.175946	195.559000
0.175972	195.659000
0.175968	195.759000
0.175975	195.859000
0.176001	195.959000
0.175976	196.059000
0.176011	196.159000
0.176030	196.259000
0.176004	196.359000
0.176075	196.459000
0.176048	196.559000
0.176096	196.659000
0.176069	196.759000
0.176081	196.859000
0.176146	196.959000
0.176157	197.060000
0.176177	197.159000
0.176204	197.259000
0.176156	197.359000
0.176215	197.459000
0.176141	197.559000
0.176199	197.659000
0.176240	197.759000
0.176085	197.859000
0.175531	197.959000
0.175008	198.059000
0.174759	198.159000
0.174561	198.259000
0.174388	198.359000
0.174360	198.459000
0.174261	198.559000
0.174266	198.659000
0.174230	198.759000
0.174195	198.859000
0.174248	198.959000
0.174248	199.059000
0.174243	199.159000
0.174240	199.259000
0.174243	199.359000
0.174305	199.459000
0.174310	199.559000
0.174311	199.659000
0.174307	199.759000
0.174317	199.859000
0.174334	199.959000
0.174312	200.059000
0.174343	200.159000
0.174394	200.259000
0.174368	200.359000
0.174251	200.459000
0.173742	200.559000
0.173258	200.659000
0.172977	200.759000
0.172754	200.859000
0.172674	200.959000
0.172578	201.059000
0.172486	201.159000
0.172468	201.259000
0.172443	201.359000
0.172435	201.460000
0.172400	201.559000
0.172409	201.659000
0.172483	201.759000
0.172486	201.859000
0.172481	201.959000
0.172518	202.059000
0.172539	202.159000
0.172569	202.259000
0.172541	202.359000
0.172563	202.459000
0.172561	202.559000
0.172585	202.659000
0.172637	202.759000
0.172620	202.859000
0.172654	202.959000
0.172614	203.059000
0.172614	203.159000
0.172579	203.259000
0.172103	203.359000
0.171661	203.459000
0.171329	203.559000
0.171054	203.659000
0.170987	203.759000
0.170857	203.859000
0.170811	203.959000
0.170776	204.059000
0.170752	204.159000
0.170826	204.259000
0.170734	204.359000
0.170772	204.459000
0.170807	204.559000
0.170783	204.659000
0.170808	204.759000
0.170770	204.859000
0.170779	204.959000
0.170859	205.059000
0.170847	205.159000
0.170859	205.259000
0.170866	205.359000
0.170899	205.459000
0.170929	205.559000
0.170845	205.659000
0.170936	205.759000
0.170902	205.859000
0.170896	205.959000
0.170795	206.059000
0.170296	206.159000
0.169872	206.259000
0.169537	206.359000
0.169377	206.459000
0.169287	206.559000
0.169155	206.659000
0.169115	206.759000
0.169073	206.859000
0.169068	206.959000
0.169066	207.059000
0.169075	207.159000
0.169117	207.259000
0.169127	207.359000
0.169086	207.459000
0.169127	207.559000
0.169100	207.659000
0.169198	207.759000
0.169203	207.859000
0.169183	207.959000
0.169193	208.059000
0.169138	208.159000
0.169183	208.259000
0.169222	208.359000
0.169213	208.459000
0.169221	208.559000
0.169230	208.659000
0.169254	208.759000
0.169153	208.859000
0.168697	208.959000
0.168234	209.059000
0.167901	209.159000
0.167716	209.259000
0.167589	209.359000
0.167507	209.459000
0.167530	209.559000
0.167434	209.659000
0.167412	209.759000
0.167441	209.859000
0.167412	209.959000
0.167422	210.059000
0.167444	210.159000
0.167459	210.259000
0.167459	210.359000
0.167426	210.459000
0.167495	210.559000
0.167514	210.659000
0.167502	210.759000
0.167526	210.859000
0.167506	210.959000
0.167524	211.059000
0.167539	211.159000
0.167605	211.259000
0.167587	211.359000
0.167561	211.459000
0.167588	211.559000
0.167543	211.659000
0.167496	211.759000
0.167101	211.859000
0.166664	211.959000
0.166373	212.059000
0.166149	212.159000
0.166007	212.259000
0.165978	212.359000
0.165910	212.459000
0.165894	212.559000
0.165862	212.659000
0.165817	212.759000
0.165837	212.859000
0.165804	212.959000
0.165854	213.059000
0.165851	213.159000
0.165825	213.259000
0.165892	213.359000
0.165866	213.459000
0.165884	213.559000
0.165894	213.659000
0.165866	213.759000
0.165964	213.859000
0.165938	213.959000
0.165959	214.059000
0.165964	214.159000
0.165943	214.259000
0.165984	214.359000
0.166004	214.459000
0.165996	214.559000
0.166014	214.659000
0.166012	214.759000
0.166045	214.859000
0.166009	214.959000
0.166039	215.059000
0.166060	215.159000
0.166072	215.259000
0.166110	215.359000
0.166104	215.459000
0.166081	215.559000
0.166116	215.659000
0.166100	215.759000
0.166115	215.859000
0.166122	215.959000
0.166117	216.059000
0.166159	216.159000
0.165753	216.259000
0.165332	216.359000
0.164965	216.459000
0.164760	216.559000
0.164649	216.659000
0.164556	216.759000
0.164453	216.859000
0.164418	216.959000
0.164411	217.059000
0.164397	217.159000
0.164306	217.259000
0.164345	217.359000
0.164365	217.459000
0.164355	217.559000
0.164386	217.659000
0.164348	217.759000
0.164460	217.859000
0.164448	217.959000
0.164434	218.059000
0.164544	218.159000
0.164515	218.259000
0.164547	218.359000
0.164573	218.459000
0.164576	218.559000
0.164579	218.659000
0.164445	218.759000
0.164487	218.859000
0.164489	218.959000
0.164511	219.059000
0.164539	219.159000
0.164495	219.259000
0.164544	219.359000
0.164507	219.459000
0.164118	219.559000
0.163735	219.659000
0.163454	219.759000
0.163197	219.859000
0.163053	219.959000
0.162926	220.059000
0.162896	220.159000
0.162844	220.259000
0.162829	220.359000
0.162832	220.459000
0.162832	220.559000
0.162866	220.659000
0.162851	220.759000
0.162825	220.859000
0.162890	220.959000
0.162891	221.059000
0.162896	221.159000
0.162835	221.259000
0.162883	221.359000
0.162901	221.459000
0.162860	221.559000
0.162917	221.659000
0.162912	221.759000
0.162896	221.859000
0.162922	221.959000
0.162881	222.059000
0.162909	222.159000
0.162940	222.259000
0.162920	222.359000
0.162931	222.459000
0.162937	222.559000
0.162913	222.659000
0.162576	222.759000
0.162141	222.859000
0.161888	222.959000
0.161661	223.059000
0.161492	223.159000
0.161396	223.259000
0.161340	223.359000
0.161337	223.459000
0.161324	223.559000
0.161271	223.659000
0.161251	223.759000
0.161250	223.859000
0.161301	223.959000
0.161269	224.059000
0.161322	224.159000
0.161332	224.259000
0.161301	224.359000
0.161335	224.459000
0.161326	224.559000
0.161344	224.659000
0.161347	224.759000
0.161330	224.859000
0.161322	224.959000
0.161312	225.059000
0.161380	225.159000
0.161386	225.259000
0.161360	225.359000
0.161403	225.459000
0.161317	225.559000
0.161331	225.659000
0.161375	225.759000
0.161440	225.859000
0.161463	225.959000
0.161398	226.059000
0.161425	226.159000
0.161457	226.259000
0.161385	226.359000
0.161460	226.459000
0.161451	226.559000
0.161404	226.659000
0.161072	226.759000
0.160665	226.859000
0.160398	226.959000
0.160216	227.059000
0.160051	227.159000
0.159966	227.259000
0.159878	227.359000
0.159829	227.459000
0.159807	227.559000
0.159807	227.659000
0.159826	227.759000
0.159775	227.859000
0.159798	227.959000
0.159794	228.059000
0.159759	228.159000
0.159815	228.259000
0.159792	228.359000
0.159851	228.459000
0.159865	228.559000
0.159833	228.659000
0.159891	228.759000
0.159833	228.859000
0.159861	228.959000
0.159854	229.059000
0.159867	229.159000
0.159860	229.259000
0.159880	229.359000
0.159908	229.459000
0.159929	229.559000
0.159934	229.659000
0.159931	229.759000
0.159897	229.859000
0.159944	229.959000
0.159964	230.059000
0.159678	230.159000
0.159306	230.259000
0.158921	230.359000
0.158726	230.459000
0.158550	230.559000
0.158420	230.659000
0.158410	230.759000
0.158364	230.859000
0.158342	230.959000
0.158330	231.059000
0.158298	231.159000
0.158328	231.259000
0.158271	231.359000
0.158319	231.459000
0.158326	231.559000
0.158265	231.659000
0.158283	231.759000
0.158312	231.859000
0.158357	231.959000
0.158374	232.059000
0.158370	232.159000
0.158404	232.259000
0.158387	232.359000
0.158366	232.459000
0.158391	232.559000
0.158358	232.659000
0.158440	232.759000
0.158401	232.859000
0.158367	232.959000
0.158393	233.059000
0.158405	233.159000
0.158425	233.259000
0.158436	233.359000
0.158387	233.459000
0.158439	233.559000
0.158444	233.659000
0.158257	233.759000
0.157833	233.859000
0.157492	233.959000
0.157271	234.059000
0.157062	234.159000
0.156978	234.259000
0.156930	234.359000
0.156866	234.459000
0.156901	234.559000
0.156837	234.659000
0.156858	234.759000
0.156875	234.859000
0.156840	234.959000
0.156902	235.059000
0.156826	235.159000
0.156826	235.259000
0.156856	235.359000
0.156831	235.459000
0.156880	235.559000
0.156851	235.659000
0.156855	235.759000
0.156877	235.859000
0.156848	235.959000
0.156902	236.059000
0.156955	236.159000
0.156921	236.259000
0.156929	236.359000
0.156969	236.459000
0.156958	236.559000
0.156934	236.659000
0.156938	236.759000
0.156954	236.859000
0.156889	236.959000
0.156894	237.059000
0.156861	237.159000
0.156889	237.259000
0.156883	237.359000
0.156846	237.459000
0.156889	237.559000
0.156922	237.659000
0.156939	237.759000
0.156979	237.859000
0.156912	237.959000
0.156660	238.059000
0.156250	238.159000
0.155933	238.259000
0.155759	238.359000
0.155616	238.459000
0.155527	238.559000
0.155526	238.659000
0.155447	238.759000
0.155423	238.859000
0.155404	238.959000
0.155433	239.059000
0.155461	239.159000
0.155427	239.259000
0.155429	239.359000
0.155388	239.459000
0.155406	239.559000
0.155440	239.659000
0.155453	239.759000
0.155463	239.859000
0.155430	239.959000
0.155496	240.059000
0.155511	240.159000
0.155457	240.259000
0.155518	240.359000
0.155524	240.459000
0.155510	240.559000
0.155485	240.659000
0.155460	240.759000
0.155528	240.859000
0.155434	240.959000
0.155456	241.059000
0.155498	241.159000
0.155473	241.259000
0.155535	241.359000
0.155525	241.459000
0.155537	241.559000
0.155561	241.659000
0.155514	241.759000
0.155553	241.859000
0.155538	241.959000
0.155565	242.059000
0.155577	242.159000
0.155539	242.259000
0.155532	242.359000
0.155497	242.459000
0.155178	242.560000
0.154817	242.659000
0.154469	242.759000
0.154302	242.859000
0.154160	242.959000
0.154100	243.059000
0.154082	243.159000
0.153991	243.259000
0.154023	243.359000
0.154025	243.459000
0.153971	243.559000
0.153999	243.659000
0.153992	243.759000
0.154018	243.859000
0.153974	243.959000
0.153971	244.059000
0.153980	244.159000
0.153953	244.259000
0.153981	244.359000
0.153988	244.460000
0.153941	244.559000
0.154004	244.659000
0.154005	244.759000
0.154033	244.859000
0.154025	244.959000
0.153983	245.059000
0.154021	245.159000
0.154012	245.259000
0.154055	245.359000
0.154051	245.459000
0.154045	245.559000
0.154068	245.659000
0.154043	245.759000
0.154022	245.859000
0.154068	245.959000
0.154029	246.059000
0.154081	246.159000
0.154032	246.259000
0.154041	246.359000
0.154040	246.459000
0.154047	246.559000
0.154049	246.659000
0.153711	246.759000
0.153318	246.859000
0.153102	246.959000
0.152895	247.059000
0.152762	247.159000
0.152662	247.259000
0.152562	247.359000
0.152576	247.459000
0.152542	247.559000
0.152532	247.659000
0.152502	247.759000
0.152524	247.859000
0.152564	247.959000
0.152513	248.059000
0.152535	248.159000
0.152552	248.259000
0.152556	248.359000
0.152594	248.459000
0.152585	248.559000
0.152641	248.659000
0.152586	248.759000
0.152563	248.859000
0.152623	248.959000
0.152574	249.059000
0.152588	249.159000
0.152595	249.259000
0.152601	249.359000
0.152617	249.459000
0.152544	249.559000
0.152571	249.659000
0.152591	249.759000
0.152608	249.859000
0.152632	249.959000
0.152621	250.059000
0.152652	250.159000
0.152645	250.259000
0.152622	250.359000
0.152679	250.459000
0.152654	250.559000
0.152601	250.659000
0.152361	250.759000
0.151973	250.859000
0.151698	250.959000
0.151478	251.059000
0.151322	251.159000
0.151245	251.259000
0.151199	251.359000
0.151207	251.459000
0.151142	251.559000
0.151151	251.659000
0.151125	251.759000
0.151057	251.859000
0.151122	251.959000
0.151100	252.059000
0.151082	252.159000
0.151091	252.259000
0.151082	252.359000
0.151137	252.459000
0.151132	252.559000
0.151113	252.659000
0.151146	252.759000
0.151106	252.859000
0.151166	252.959000
0.151139	253.059000
0.151149	253.159000
0.151198	253.259000
0.151218	253.359000
0.151260	253.459000
0.151175	253.559000
0.151138	253.659000
0.151174	253.759000
0.151136	253.859000
0.151186	253.959000
0.151171	254.059000
0.151170	254.159000
0.151213	254.260000
0.151147	254.359000
0.151195	254.459000
0.151205	254.559000
0.151175	254.659000
0.151220	254.759000
0.151029	254.859000
0.150676	254.959000
0.150345	255.059000
0.150091	255.159000
0.150013	255.259000
0.149911	255.359000
0.149856	255.459000
0.149818	255.559000
0.149779	255.659000
0.149802	255.760000
0.149760	255.859000
0.149746	255.959000
0.149730	256.059000
0.149687	256.159000
0.149750	256.259000
0.149698	256.359000
0.149712	256.459000
0.149687	256.559000
0.149726	256.659000
0.149730	256.759000
0.149708	256.859000
0.149702	256.959000
0.149731	257.059000
0.149710	257.159000
0.149729	257.259000
0.149700	257.359000
0.149719	257.459000
0.149744	257.559000
0.149677	257.659000
0.149708	257.759000
0.149674	257.859000
0.149782	257.959000
0.149740	258.059000
0.149693	258.159000
0.149735	258.259000
0.149691	258.359000
0.149685	258.459000
0.149721	258.559000
0.149686	258.659000
0.149709	258.759000
0.149726	258.859000
0.149761	258.959000
0.149772	259.059000
0.149711	259.159000
0.149772	259.259000
0.149760	259.359000
0.149729	259.459000
0.149751	259.559000
0.149467	259.659000
0.149123	259.759000
0.148862	259.859000
0.148603	259.959000
0.148528	260.059000
0.148475	260.159000
0.148443	260.259000
0.148367	260.359000
0.148343	260.459000
0.148274	260.559000
0.148235	260.659000
0.148248	260.759000
0.148239	260.859000
0.148280	260.959000
0.148304	261.059000
0.148260	261.159000
0.148236	261.259000
0.148279	261.359000
0.148275	261.459000
0.148293	261.559000
0.148353	261.659000
0.148371	261.759000
0.148318	261.859000
0.148263	261.959000
0.148278	262.060000
0.148268	262.159000
0.148314	262.259000
0.148344	262.359000
0.148281	262.459000
0.148291	262.559000
0.148203	262.659000
0.148221	262.759000
0.148291	262.859000
0.148238	262.959000
0.148045	263.059000
0.147648	263.159000
0.147401	263.259000
0.147283	263.359000
0.147134	263.459000
0.147091	263.559000
0.147011	263.659000
0.146909	263.759000
0.146924	263.859000
0.146887	263.959000
0.146916	264.059000
0.146886	264.159000
0.146856	264.259000
0.146901	264.359000
0.146862	264.459000
0.146870	264.559000
0.146863	264.659000
0.146858	264.759000
0.146889	264.859000
0.146861	264.959000
0.146890	265.059000
0.146586	265.159000
0.146278	265.259000
0.146085	265.359000
0.145824	265.459000
0.145728	265.559000
0.145663	265.659000
0.145599	265.759000
0.145582	265.859000
0.145518	265.959000
0.145541	266.059000
0.145533	266.159000
0.145563	266.259000
0.145556	266.359000
0.145497	266.459000
0.145497	266.559000
0.145506	266.659000
0.145464	266.759000
0.145544	266.859000
0.145517	266.959000
0.145510	267.059000
0.145494	267.159000
0.145488	267.259000
0.145578	267.359000
0.145520	267.459000
0.145242	267.559000
0.144890	267.659000
0.144634	267.759000
0.144510	267.859000
0.144380	267.959000
0.144324	268.059000
0.144266	268.159000
0.144215	268.259000
0.144232	268.359000
0.144223	268.459000
0.144223	268.559000
0.144235	268.659000
0.144228	268.759000
0.144248	268.859000
0.144249	268.959000
0.144243	269.059000
0.144237	269.159000
0.144197	269.259000
0.144216	269.359000
0.144198	269.459000
0.144165	269.559000
0.144205	269.659000
0.144194	269.759000
0.144244	269.859000
0.144194	269.959000
0.144055	270.059000
0.143720	270.159000
0.143393	270.259000
0.143247	270.359000
0.143125	270.459000
0.143003	270.559000
0.142985	270.659000
0.142908	270.759000
0.142904	270.859000
0.142910	270.959000
0.142881	271.059000
0.142872	271.159000
0.142833	271.259000
0.142859	271.359000
0.142885	271.459000
0.142875	271.559000
0.142884	271.659000
0.142882	271.759000
0.142881	271.859000
0.142867	271.960000
0.142838	272.059000
0.142902	272.159000
0.142847	272.259000
0.142874	272.359000
0.142845	272.459000
0.142855	272.559000
0.142920	272.659000
0.142913	272.759000
0.142903	272.859000
0.142878	272.959000
0.142883	273.059000
0.142903	273.159000
0.142873	273.259000
0.142824	273.359000
0.142827	273.459000
0.142778	273.559000
0.142510	273.659000
0.142218	273.759000
0.142020	273.859000
0.141891	273.959000
0.141750	274.060000
0.141693	274.159000
0.141660	274.259000
0.141664	274.360000
0.141625	274.459000
0.141568	274.559000
0.141595	274.659000
0.141556	274.759000
0.141556	274.859000
0.141630	274.959000
0.141606	275.059000
0.141564	275.159000
0.141521	275.259000
0.141562	275.359000
0.141591	275.459000
0.141568	275.559000
0.141625	275.659000
0.141501	275.759000
0.141516	275.859000
0.141564	275.959000
0.141564	276.059000
0.141564	276.159000
0.141587	276.259000
0.141552	276.359000
0.141577	276.459000
0.141574	276.559000
0.141610	276.659000
0.141594	276.759000
0.141552	276.859000
0.141465	276.959000
0.141107	277.059000
0.140859	277.159000
0.140707	277.259000
0.140574	277.359000
0.140515	277.459000
0.140388	277.559000
0.140342	277.659000
0.140337	277.759000
0.140313	277.859000
0.140301	277.959000
0.140244	278.059000
0.140288	278.159000
0.140277	278.259000
0.140269	278.359000
0.140310	278.459000
0.140268	278.559000
0.140313	278.659000
0.140318	278.759000
0.140296	278.859000
0.140309	278.959000
0.140278	279.059000
0.140283	279.159000
0.140358	279.259000
0.140308	279.359000
0.140325	279.459000
0.140263	279.559000
0.140259	279.659000
0.140305	279.759000
0.140305	279.859000
0.140306	279.959000
0.140259	280.059000
0.140258	280.159000
0.140288	280.259000
0.140244	280.359000
0.140297	280.459000
0.140299	280.559000
0.140286	280.659000
0.140317	280.759000
0.140267	280.859000
0.140264	280.959000
0.140268	281.059000
0.140295	281.159000
0.140294	281.259000
0.140250	281.359000
0.140290	281.459000
0.140279	281.559000
0.140274	281.659000
0.140121	281.759000
0.139841	281.859000
0.139600	281.959000
0.139366	282.059000
0.139242	282.159000
0.139201	282.259000
0.139092	282.359000
0.139120	282.459000
0.139124	282.559000
0.139076	282.659000
0.139066	282.759000
0.139058	282.859000
0.139038	282.959000
0.139058	283.059000
0.139007	283.159000
0.139055	283.259000
0.139051	283.359000
0.139035	283.459000
0.139012	283.559000
0.139008	283.660000
0.139033	283.759000
0.138999	283.859000
0.139000	283.959000
0.138992	284.059000
0.138970	284.159000
0.138999	284.259000
0.138983	284.359000
0.138996	284.459000
0.139011	284.559000
0.138965	284.659000
0.139005	284.759000
0.139001	284.859000
0.139008	284.959000
0.139047	285.059000
0.139041	285.159000
0.139005	285.259000
0.138962	285.359000
0.138988	285.459000
0.139017	285.559000
0.139011	285.659000
0.139025	285.759000
0.139021	285.859000
0.138983	285.959000
0.138998	286.059000
0.139010	286.159000
0.139000	286.259000
0.138995	286.359000
0.138958	286.459000
0.138995	286.559000
0.138971	286.659000
0.139013	286.759000
0.139017	286.859000
0.138973	286.959000
0.138966	287.059000
0.138962	287.159000
0.138997	287.259000
0.139055	287.359000
0.138958	287.459000
0.138958	287.559000
0.138645	287.659000
0.138363	287.759000
0.138136	287.859000
0.137982	287.959000
0.137928	288.059000
0.137871	288.159000
0.137795	288.259000
0.137783	288.359000
0.137727	288.459000
0.137753	288.559000
0.137736	288.659000
0.137746	288.759000
0.137705	288.859000
0.137671	288.959000
0.137737	289.059000
0.137683	289.159000
0.137693	289.259000
0.137696	289.359000
0.137675	289.459000
0.137698	289.559000
0.137718	289.659000
0.137723	289.759000
0.137708	289.859000
0.137688	289.959000
0.137723	290.059000
0.137691	290.159000
0.137699	290.259000
0.137465	290.359000
0.137147	290.459000
0.136941	290.559000
0.136806	290.659000
0.136711	290.759000
0.136663	290.859000
0.136569	290.959000
0.136614	291.059000
0.136537	291.159000
0.136527	291.259000
0.136532	291.359000
0.136505	291.459000
0.136566	291.559000
0.136530	291.659000
0.136514	291.759000
0.136551	291.859000
0.136506	291.959000
0.136516	292.059000
0.136535	292.159000
0.136513	292.259000
0.136531	292.359000
0.136514	292.459000
0.136483	292.559000
0.136273	292.659000
0.135979	292.759000
0.135778	292.859000
0.135607	292.959000
0.135498	293.059000
0.135414	293.159000
0.135363	293.259000
0.135408	293.359000
0.135395	293.459000
0.135384	293.559000
0.135396	293.659000
0.135291	293.759000
0.135278	293.859000
0.135286	293.959000
0.135319	294.059000
0.135317	294.159000
0.135325	294.259000
0.135375	294.359000
0.135357	294.459000
0.135326	294.559000
0.135342	294.659000
0.135319	294.759000
0.135347	294.859000
0.135296	294.959000
0.135289	295.059000
0.135316	295.159000
0.135342	295.259000
0.135359	295.359000
0.135310	295.459000
0.135295	295.559000
0.135282	295.659000
0.135261	295.759000
0.135283	295.859000
0.135271	295.959000
0.135245	296.059000
0.135282	296.159000
0.135246	296.259000
0.135201	296.359000
0.134908	296.459000
0.134652	296.559000
0.134485	296.659000
0.134347	296.759000
0.134283	296.859000
0.134220	296.959000
0.134169	297.059000
0.134155	297.159000
0.134107	297.259000
0.134177	297.359000
0.134166	297.459000
0.134134	297.559000
0.134148	297.659000
0.134158	297.759000
0.134155	297.859000
0.134191	297.959000
0.134141	298.059000
0.134165	298.159000
0.134091	298.259000
0.134104	298.359000
0.134093	298.459000
0.134063	298.559000
0.134115	298.659000
0.134126	298.759000
0.134163	298.859000
0.134162	298.959000
0.134132	299.059000
0.134154	299.159000
0.134093	299.259000
0.134069	299.359000
0.134057	299.459000
0.134059	299.559000
0.134029	299.659000
0.133770	299.759000
0.133523	299.859000
0.133354	299.960000
0.133239	300.059000
0.133206	300.159000
0.133128	300.259000
0.133058	300.359000
0.133080	300.459000
0.133030	300.559000
0.133027	300.659000
0.133012	300.759000
0.133022	300.859000
0.133054	300.959000
0.132932	301.059000
0.132938	301.159000
0.132927	301.259000
0.132924	301.359000
0.132962	301.459000
0.132945	301.559000
0.132973	301.659000
0.132992	301.759000
0.132968	301.859000
0.132990	301.959000
0.132939	302.059000
0.132978	302.159000
0.132967	302.259000
0.132945	302.359000
0.132948	302.459000
0.132951	302.559000
0.132943	302.659000
0.132909	302.759000
0.132882	302.859000
0.132939	302.959000
0.132909	303.059000
0.132890	303.159000
0.132891	303.259000
0.132890	303.359000
0.132908	303.459000
0.132680	303.559000
0.132424	303.659000
0.132243	303.759000
0.132077	303.859000
0.132014	303.959000
0.131943	304.059000
0.131915	304.159000
0.131876	304.259000
0.131827	304.359000
0.131785	304.459000
0.131824	304.559000
0.131812	304.659000
0.131852	304.759000
0.131753	304.859000
0.131789	304.959000
0.131749	305.059000
0.131734	305.159000
0.131776	305.259000
0.131737	305.359000
0.131802	305.459000
0.131765	305.559000
0.131767	305.659000
0.131781	305.759000
0.131780	305.859000
0.131808	305.959000
0.131799	306.059000
0.131794	306.159000
0.131798	306.259000
0.131743	306.359000
0.131752	306.459000
0.131766	306.559000
0.131782	306.659000
0.131725	306.759000
0.131694	306.859000
0.131720	306.959000
0.131752	307.059000
0.131758	307.159000
0.131780	307.259000
0.131741	307.359000
0.131751	307.459000
0.131538	307.559000
0.131209	307.659000
0.131043	307.759000
0.130925	307.859000
0.130847	307.959000
0.130784	308.059000
0.130755	308.159000
0.130805	308.260000
0.130727	308.359000
0.130693	308.459000
0.130684	308.559000
0.130663	308.659000
0.130622	308.759000
0.130584	308.859000
0.130584	308.959000
0.130608	309.059000
0.130584	309.159000
0.130615	309.259000
0.130611	309.359000
0.130606	309.459000
0.130607	309.559000
0.130593	309.659000
0.130599	309.759000
0.130598	309.859000
0.130596	309.959000
0.130639	310.059000
0.130589	310.159000
0.130628	310.259000
0.130624	310.359000
0.130615	310.459000
0.130604	310.559000
0.130548	310.659000
0.130394	310.759000
0.130119	310.859000
0.129958	310.959000
0.129824	311.059000
0.129722	311.159000
0.129698	311.259000
0.129618	311.359000
0.129578	311.459000
0.129599	311.559000
0.129560	311.659000
0.129549	311.759000
0.129549	311.859000
0.129541	311.959000
0.129604	312.059000
0.129549	312.159000
0.129568	312.259000
0.129574	312.359000
0.129573	312.459000
0.129571	312.559000
0.129532	312.659000
0.129518	312.759000
0.129458	312.859000
0.129474	312.959000
0.129536	313.059000
0.129460	313.159000
0.129497	313.259000
0.129504	313.359000
0.129467	313.459000
0.129461	313.559000
0.129437	313.659000
0.129466	313.759000
0.129464	313.859000
0.129444	313.959000
0.129468	314.059000
0.129446	314.159000
0.129276	314.259000
0.129125	314.359000
0.128868	314.459000
0.128759	314.559000
0.128672	314.659000
0.128591	314.759000
0.128559	314.859000
0.128522	314.959000
0.128487	315.059000
0.128439	315.159000
0.128431	315.259000
0.128486	315.359000
0.128439	315.459000
0.128433	315.559000
0.128415	315.659000
0.128378	315.759000
0.128398	315.859000
0.128385	315.959000
0.128398	316.060000
0.128369	316.159000
0.128406	316.259000
0.128453	316.359000
0.128419	316.459000
0.128414	316.559000
0.128414	316.659000
0.128353	316.759000
0.128388	316.859000
0.128331	316.959000
0.128405	317.059000
0.128378	317.159000
0.128346	317.259000
0.128401	317.359000
0.128353	317.459000
0.128349	317.559000
0.128387	317.659000
0.128348	317.759000
0.128399	317.859000
0.128353	317.959000
0.128245	318.059000
0.128012	318.159000
0.127763	318.259000
0.127646	318.359000
0.127511	318.459000
0.127448	318.559000
0.127471	318.659000
0.127338	318.759000
0.127300	318.859000
0.127295	318.959000
0.127323	319.059000
0.127363	319.159000
0.127306	319.259000
0.127361	319.359000
0.127329	319.459000
0.127324	319.559000
0.127331	319.659000
0.127290	319.759000
0.127307	319.859000
0.127323	319.959000
0.127312	320.059000
0.127297	320.159000
0.127277	320.259000
0.127272	320.359000
0.127272	320.459000
0.127251	320.559000
0.127288	320.659000
0.127235	320.759000
0.127301	320.859000
0.127311	320.959000
0.127239	321.059000
0.127277	321.159000
0.127215	321.259000
0.127217	321.359000
0.127209	321.459000
0.127210	321.559000
0.127228	321.659000
0.127236	321.759000
0.127247	321.859000
0.127205	321.959000
0.127218	322.059000
0.127261	322.159000
0.127242	322.259000
0.127221	322.359000
0.127076	322.459000
0.126822	322.559000
0.126637	322.659000
0.126497	322.759000
0.126408	322.859000
0.126376	322.959000
0.126271	323.059000
0.126250	323.159000
0.126223	323.259000
0.126197	323.359000
0.126206	323.459000
0.126163	323.559000
0.126194	323.659000
0.126198	323.759000
0.126180	323.859000
0.126213	323.959000
0.126185	324.059000
0.126198	324.159000
0.126182	324.259000
0.126193	324.359000
0.126220	324.459000
0.126198	324.559000
0.126208	324.659000
0.126156	324.759000
0.126146	324.859000
0.126218	324.959000
0.126174	325.059000
0.126202	325.159000
0.126174	325.259000
0.126134	325.359000
0.126157	325.459000
0.126114	325.559000
0.126120	325.659000
0.126134	325.759000
0.126104	325.859000
0.126159	325.959000
0.126115	326.059000
0.126113	326.159000
0.126106	326.259000
0.126064	326.359000
0.126127	326.459000
0.126067	326.559000
0.125966	326.659000
0.125730	326.759000
0.125525	326.859000
0.125424	326.960000
0.125308	327.059000
0.125245	327.159000
0.125178	327.259000
0.125148	327.359000
0.125139	327.459000
0.125104	327.559000
0.125120	327.659000
0.125150	327.759000
0.125106	327.859000
0.125115	327.959000
0.125071	328.059000
0.125063	328.159000
0.125127	328.259000
0.125117	328.359000
0.125158	328.459000
0.125077	328.559000
0.125028	328.659000
0.125092	328.759000
0.125051	328.859000
0.125062	328.959000
0.125050	329.059000
0.125050	329.159000
0.125061	329.259000
0.125073	329.359000
0.125090	329.459000
0.125108	329.559000
0.125147	329.659000
0.125071	329.759000
0.124989	329.859000
0.125047	329.959000
0.125030	330.059000
0.124989	330.159000
0.125001	330.259000
0.124990	330.359000
0.124915	330.459000
0.124739	330.559000
0.124545	330.659000
0.124426	330.759000
0.124290	330.859000
0.124219	330.959000
0.124186	331.059000
0.124116	331.159000
0.124119	331.259000
0.124074	331.359000
0.124089	331.459000
0.124055	331.559000
0.124039	331.659000
0.124039	331.759000
0.124011	331.859000
0.124012	331.959000
0.124043	332.059000
0.124021	332.159000
0.124042	332.259000
0.124025	332.359000
0.124059	332.459000
0.124046	332.559000
0.123993	332.659000
0.124020	332.759000
0.124013	332.859000
0.123978	332.959000
0.123990	333.059000
0.123974	333.159000
0.123992	333.259000
0.123973	333.359000
0.123974	333.459000
0.123973	333.559000
0.123921	333.659000
0.123949	333.759000
0.123942	333.859000
0.123922	333.959000
0.123958	334.059000
0.123903	334.159000
0.123964	334.259000
0.123995	334.359000
0.123903	334.459000
0.123816	334.559000
0.123602	334.659000
0.123407	334.759000
0.123294	334.860000
0.123152	334.959000
0.123121	335.059000
0.123045	335.159000
0.123070	335.259000
0.123051	335.359000
0.123006	335.459000
0.123011	335.560000
0.123035	335.659000
0.123032	335.759000
0.123001	335.859000
0.122975	335.959000
0.122992	336.059000
0.122961	336.159000
0.123003	336.259000
0.123003	336.359000
0.122921	336.459000
0.122958	336.559000
0.122962	336.659000
0.123023	336.759000
0.123054	336.859000
0.122992	336.960000
0.122991	337.059000
0.122965	337.159000
0.122937	337.259000
0.122986	337.359000
0.122978	337.459000
0.122973	337.559000
0.122933	337.660000
0.122984	337.759000
0.122993	337.859000
0.122927	337.959000
0.122935	338.059000
0.122878	338.159000
0.122941	338.259000
0.122965	338.359000
0.122770	338.459000
0.122564	338.559000
0.122357	338.659000
0.122258	338.759000
0.122185	338.859000
0.122065	338.959000
0.122056	339.059000
0.121993	339.159000
0.121997	339.259000
0.122001	339.359000
0.121913	339.459000
0.121981	339.559000
0.122017	339.659000
0.121956	339.759000
0.121952	339.859000
0.121932	339.959000
0.121928	340.059000
0.121936	340.159000
0.121891	340.259000
0.121917	340.359000
0.121929	340.459000
0.121931	340.559000
0.121889	340.659000
0.121863	340.759000
0.121918	340.859000
0.121903	340.959000
0.121910	341.059000
0.121871	341.159000
0.121830	341.259000
0.121871	341.359000
0.121850	341.459000
0.121900	341.559000
0.121905	341.659000
0.121867	341.759000
0.121887	341.859000
0.121861	341.959000
0.121846	342.059000
0.121890	342.159000
0.121850	342.259000
0.121830	342.359000
0.121862	342.459000
0.121869	342.559000
0.121766	342.659000
0.121486	342.759000
0.121350	342.859000
0.121208	342.959000
0.121100	343.059000
0.121035	343.159000
0.120968	343.259000
0.120969	343.359000
0.120939	343.459000
0.120956	343.559000
0.120971	343.659000
0.120956	343.759000
0.120950	343.859000
0.120959	343.959000
0.120934	344.059000
0.120990	344.159000
0.120970	344.259000
0.120945	344.359000
0.120950	344.459000
0.120892	344.559000
0.120901	344.659000
0.120880	344.759000
0.120913	344.859000
0.120854	344.959000
0.120831	345.059000
0.120854	345.159000
0.120869	345.259000
0.120843	345.359000
0.120816	345.459000
0.120819	345.559000
0.120767	345.659000
0.120527	345.759000
0.120377	345.859000
0.120278	345.959000
0.120133	346.059000
0.120135	346.160000
0.120062	346.259000
0.120045	346.359000
0.120092	346.459000
0.119970	346.559000
0.119948	346.659000
0.119945	346.759000
0.119955	346.859000
0.120008	346.959000
0.120010	347.059000
0.119975	347.159000
0.119943	347.259000
0.119943	347.359000
0.119978	347.459000
0.119909	347.559000
0.119926	347.659000
0.119903	347.759000
0.119876	347.859000
0.119893	347.959000
0.119843	348.059000
0.119889	348.159000
0.119918	348.259000
0.119916	348.359000
0.119917	348.459000
0.119872	348.559000
0.119885	348.659000
0.119879	348.759000
0.119861	348.859000
0.119859	348.959000
0.119804	349.059000
0.119822	349.159000
0.119862	349.259000
0.119863	349.359000
0.119902	349.459000
0.119894	349.559000
0.119869	349.659000
0.119862	349.759000
0.119851	349.859000
0.119830	349.959000
0.119826	350.059000
0.119830	350.159000
0.119629	350.259000
0.119383	350.359000
0.119280	350.459000
0.119147	350.559000
0.119102	350.659000
0.119064	350.759000
0.119065	350.859000
0.119032	350.959000
0.118952	351.059000
0.118991	351.159000
0.119012	351.259000
0.118959	351.359000
0.118990	351.459000
0.118912	351.559000
0.118906	351.659000
0.118906	351.759000
0.118863	351.859000
0.118882	351.959000
0.118851	352.059000
0.118895	352.159000
0.118918	352.259000
0.118885	352.359000
0.118886	352.459000
0.118877	352.559000
0.118863	352.659000
0.118942	352.759000
0.118934	352.859000
0.118932	352.960000
0.118909	353.059000
0.118901	353.159000
0.118842	353.259000
0.118566	353.359000
0.118423	353.459000
0.118326	353.559000
0.118227	353.659000
0.118152	353.759000
0.118073	353.859000
0.118082	353.959000
0.118075	354.059000
0.118037	354.159000
0.118022	354.259000
0.117981	354.359000
0.117977	354.459000
0.118010	354.559000
0.118019	354.659000
0.118045	354.759000
0.117999	354.859000
0.118002	354.959000
0.117961	355.059000
0.117936	355.159000
0.117988	355.259000
0.117984	355.359000
0.117987	355.459000
0.118007	355.559000
0.117981	355.659000
0.118029	355.759000
0.118011	355.859000
0.117988	355.959000
0.117964	356.059000
0.117935	356.159000
0.117945	356.259000
0.117896	356.359000
0.117898	356.459000
0.117931	356.559000
0.117916	356.659000
0.117947	356.759000
0.117920	356.859000
0.117907	356.959000
0.117911	357.059000
0.117855	357.159000
0.117710	357.259000
0.117470	357.359000
0.117317	357.460000
0.117254	357.559000
0.117212	357.659000
0.117168	357.759000
0.117149	357.859000
0.117125	357.959000
0.117119	358.059000
0.117057	358.159000
0.117110	358.259000
0.117057	358.359000
0.117033	358.459000
0.117072	358.559000
0.117091	358.659000
0.117106	358.759000
0.117065	358.859000
0.117097	358.959000
0.117096	359.059000
0.117022	359.159000
0.117066	359.259000
0.117080	359.359000
0.117035	359.459000
0.117030	359.559000
0.117006	359.659000
0.117031	359.759000
0.117040	359.859000
0.116966	359.959000
0.116991	360.059000
0.116988	360.159000
0.116986	360.259000
0.116970	360.359000
0.117000	360.459000
0.117005	360.559000
0.116961	360.659000
0.116962	360.759000
0.116841	360.859000
0.116662	360.959000
0.116524	361.059000
0.116353	361.159000
0.116303	361.259000
0.116253	361.359000
0.116199	361.459000
0.116231	361.559000
0.116194	361.659000
0.116171	361.759000
0.116168	361.859000
0.116123	361.959000
0.116124	362.059000
0.116115	362.159000
0.116126	362.259000
0.116129	362.359000
0.116064	362.459000
0.116057	362.559000
0.116031	362.659000
0.116030	362.759000
0.116079	362.859000
0.116055	362.959000
0.116055	363.059000
0.116054	363.159000
0.116058	363.259000
0.116138	363.359000
0.116059	363.459000
0.116046	363.559000
0.116060	363.659000
0.116085	363.759000
0.116067	363.859000
0.115870	363.959000
0.115697	364.059000
0.115558	364.159000
0.115432	364.259000
0.115408	364.359000
0.115332	364.459000
0.115336	364.559000
0.115300	364.659000
0.115236	364.759000
0.115244	364.859000
0.115209	364.959000
0.115208	365.059000
0.115235	365.159000
0.115193	365.259000
0.115242	365.359000
0.115213	365.459000
0.115247	365.559000
0.115269	365.659000
0.115220	365.759000
0.115285	365.859000
0.115202	365.959000
0.115197	366.059000
0.115194	366.159000
0.115151	366.259000
0.115200	366.359000
0.115198	366.459000
0.115167	366.559000
0.115174	366.659000
0.115154	366.759000
0.115172	366.859000
0.115198	366.959000
0.115067	367.059000
0.114829	367.159000
0.114645	367.259000
0.114579	367.359000
0.114484	367.459000
0.114431	367.559000
0.114422	367.659000
0.114431	367.759000
0.114409	367.859000
0.114358	367.959000
0.114376	368.059000
0.114380	368.159000
0.114368	368.259000
0.114366	368.359000
0.114325	368.459000
0.114321	368.559000
0.114358	368.659000
0.114338	368.759000
0.114371	368.859000
0.114345	368.959000
0.114296	369.059000
0.114337	369.159000
0.114347	369.259000
0.114359	369.359000
0.114358	369.459000
0.114312	369.559000
0.114335	369.659000
0.114269	369.759000
0.114303	369.859000
0.114269	369.959000
0.114254	370.059000
0.114257	370.159000
0.114286	370.259000
0.114258	370.359000
0.114258	370.459000
0.114227	370.559000
0.114238	370.659000
0.114210	370.759000
0.114215	370.859000
0.114206	370.959000
0.114056	371.059000
0.113945	371.159000
0.113779	371.259000
0.113717	371.359000
0.113655	371.459000
0.113541	371.559000
0.113550	371.659000
0.113565	371.759000
0.113558	371.859000
0.113563	371.959000
0.113514	372.059000
0.113511	372.159000
0.113457	372.259000
0.113451	372.359000
0.113471	372.459000
0.113424	372.559000
0.113448	372.659000
0.113474	372.759000
0.113422	372.859000
0.113503	372.959000
0.113426	373.059000
0.113414	373.159000
0.113404	373.259000
0.113370	373.359000
0.113367	373.459000
0.113373	373.559000
0.113380	373.659000
0.113382	373.759000
0.113381	373.859000
0.113387	373.959000
0.113382	374.059000
0.113387	374.159000
0.113375	374.259000
0.113352	374.359000
0.113374	374.459000
0.113227	374.559000
0.113045	374.659000
0.112853	374.760000
0.112777	374.859000
0.112728	374.959000
0.112709	375.059000
0.112698	375.159000
0.112641	375.259000
0.112627	375.359000
0.112638	375.459000
0.112595	375.559000
0.112578	375.659000
0.112566	375.759000
0.112544	375.859000
0.112574	375.959000
0.112588	376.059000
0.112612	376.159000
0.112595	376.259000
0.112559	376.359000
0.112568	376.459000
0.112592	376.559000
0.112591	376.659000
0.112542	376.759000
0.112518	376.859000
0.112550	376.959000
0.112524	377.059000
0.112543	377.159000
0.112572	377.259000
0.112541	377.359000
0.112563	377.459000
0.112533	377.559000
0.112518	377.659000
0.112520	377.759000
0.112501	377.859000
0.112491	377.959000
0.112430	378.059000
0.112438	378.159000
0.112482	378.259000
0.112439	378.359000
0.112442	378.459000
0.112408	378.559000
0.112400	378.659000
0.112403	378.759000
0.112301	378.859000
0.112215	378.959000
0.112079	379.059000
0.111933	379.159000
0.111882	379.259000
0.111787	379.359000
0.111791	379.459000
0.111732	379.559000
0.111722	379.660000
0.111758	379.759000
0.111710	379.859000
0.111776	379.959000
0.111739	380.059000
0.111697	380.159000
0.111728	380.259000
0.111711	380.359000
0.111707	380.459000
0.111710	380.559000
0.111669	380.659000
0.111688	380.759000
0.111659	380.859000
0.111655	380.959000
0.111669	381.059000
0.111652	381.159000
0.111652	381.259000
0.111661	381.359000
0.111690	381.459000
0.111616	381.559000
0.111604	381.659000
0.111635	381.759000
0.111653	381.859000
0.111663	381.959000
0.111632	382.059000
0.111595	382.159000
0.111652	382.259000
0.111629	382.360000
0.111611	382.459000
0.111598	382.559000
0.111566	382.659000
0.111593	382.759000
0.111570	382.859000
0.111566	382.959000
0.111588	383.059000
0.111533	383.159000
0.111532	383.259000
0.111535	383.359000
0.111432	383.459000
0.111310	383.559000
0.111133	383.659000
0.111066	383.759000
0.110982	383.859000
0.110942	383.959000
0.110908	384.059000
0.110882	384.160000
0.110876	384.259000
0.110837	384.359000
0.110813	384.459000
0.110847	384.559000
0.110808	384.659000
0.110788	384.759000
0.110758	384.859000
0.110767	384.959000
0.110823	385.059000
0.110815	385.159000
0.110804	385.259000
0.110798	385.359000
0.110791	385.459000
0.110794	385.559000
0.110797	385.659000
0.110777	385.759000
0.110808	385.859000
0.110742	385.959000
0.110760	386.059000
0.110694	386.159000
0.110725	386.259000
0.110722	386.359000
0.110701	386.459000
0.110748	386.559000
0.110706	386.659000
0.110711	386.759000
0.110757	386.859000
0.110701	386.959000
0.110730	387.059000
0.110759	387.159000
0.110718	387.259000
0.110679	387.359000
0.110667	387.459000
0.110689	387.559000
0.110664	387.659000
0.110685	387.760000
0.110697	387.859000
0.110584	387.959000
0.110459	388.059000
0.110277	388.159000
0.110148	388.259000
0.110118	388.359000
0.110063	388.459000
0.110070	388.559000
0.110025	388.659000
0.109980	388.759000
0.109957	388.859000
0.109959	388.959000
0.109972	389.059000
0.109958	389.159000
0.109964	389.259000
0.109988	389.360000
0.109913	389.459000
0.109902	389.559000
0.109866	389.659000
0.109849	389.759000
0.109891	389.859000
0.109944	389.959000
0.109956	390.059000
0.109891	390.159000
0.109905	390.259000
0.109888	390.359000
0.109867	390.459000
0.109891	390.559000
0.109921	390.659000
0.109859	390.759000
0.109892	390.859000
0.109859	390.959000
0.109881	391.059000
0.109833	391.159000
0.109780	391.259000
0.109822	391.359000
0.109811	391.459000
0.109832	391.559000
0.109843	391.659000
0.109780	391.759000
0.109825	391.859000
0.109812	391.960000
0.109823	392.059000
0.109828	392.159000
0.109832	392.259000
0.109881	392.359000
0.109868	392.459000
0.109825	392.559000
0.109733	392.659000
0.109543	392.759000
0.109413	392.859000
0.109324	392.959000
0.109240	393.059000
0.109177	393.159000
0.109119	393.259000
0.109127	393.359000
0.109131	393.459000
0.109130	393.559000
0.109110	393.659000
0.109074	393.759000
0.109122	393.859000
0.109094	393.959000
0.109076	394.059000
0.109109	394.159000
0.109058	394.259000
0.109048	394.359000
0.109065	394.459000
0.109048	394.559000
0.109033	394.659000
0.108986	394.759000
0.109026	394.859000
0.109032	394.959000
0.109030	395.059000
0.109058	395.159000
0.108963	395.259000
0.108967	395.359000
0.108957	395.459000
0.108978	395.559000
0.109014	395.659000
0.108953	395.759000
0.108972	395.859000
0.108966	395.959000
0.108934	396.059000
0.108931	396.159000
0.108909	396.259000
0.108905	396.359000
0.108921	396.459000
0.108865	396.559000
0.108901	396.659000
0.108904	396.759000
0.108909	396.859000
0.108902	396.959000
0.108863	397.059000
0.108871	397.159000
0.108914	397.259000
0.108898	397.359000
0.108887	397.459000
0.108837	397.559000
0.108855	397.659000
0.108861	397.759000
0.108923	397.859000
0.108843	397.959000
0.108819	398.059000
0.108789	398.159000
0.108795	398.259000
0.108804	398.359000
0.108811	398.459000
0.108786	398.559000
0.108857	398.659000
0.108788	398.759000
0.108647	398.859000
0.108482	398.959000
0.108337	399.059000
0.108279	399.159000
0.108220	399.259000
0.108198	399.359000
0.108234	399.459000
0.108189	399.559000
0.108173	399.659000
0.108160	399.760000
0.108128	399.859000
0.108145	399.959000
0.108077	400.059000
0.108094	400.159000
0.108086	400.259000
0.108089	400.359000
0.108105	400.459000
0.108099	400.559000
0.108113	400.659000
0.108054	400.759000
0.108053	400.859000
0.108118	400.959000
0.108113	401.059000
0.108121	401.159000
0.108095	401.259000
0.108091	401.359000
0.108060	401.459000
0.108018	401.559000
0.108056	401.659000
0.108042	401.759000
0.108013	401.859000
0.108069	401.959000
0.108029	402.059000
0.108001	402.159000
0.108023	402.259000
0.108001	402.359000
0.107992	402.459000
0.107964	402.559000
0.107931	402.659000
0.107868	402.759000
0.107708	402.859000
0.107633	402.959000
0.107530	403.059000
0.107475	403.159000
0.107435	403.259000
0.107410	403.359000
0.107418	403.459000
0.107379	403.559000
0.107328	403.659000
0.107315	403.759000
0.107329	403.859000
0.107359	403.959000
0.107318	404.059000
0.107332	404.159000
0.107327	404.259000
0.107254	404.359000
0.107280	404.459000
0.107273	404.559000
0.107248	404.659000
0.107252	404.759000
0.107208	404.859000
0.107262	404.959000
0.107228	405.059000
0.107227	405.159000
0.107230	405.259000
0.107180	405.359000
0.107238	405.459000
0.107192	405.559000
0.107201	405.659000
0.107229	405.759000
0.107208	405.859000
0.107214	405.959000
0.107216	406.059000
0.107182	406.159000
0.107197	406.259000
0.107176	406.359000
0.107188	406.459000
0.107136	406.559000
0.107148	406.659000
0.107146	406.759000
0.107087	406.859000
0.106999	406.959000
0.106856	407.059000
0.106740	407.159000
0.106682	407.259000
0.106607	407.359000
0.106555	407.459000
0.106559	407.559000
0.106535	407.659000
0.106537	407.759000
0.106560	407.859000
0.106598	407.959000
0.106522	408.059000
0.106450	408.159000
0.106457	408.259000
0.106454	408.359000
0.106449	408.459000
0.106442	408.559000
0.106421	408.659000
0.106433	408.759000
0.106415	408.859000
0.106408	408.959000
0.106380	409.059000
0.106340	409.159000
0.106401	409.259000
0.106341	409.359000
0.106400	409.459000
0.106404	409.559000
0.106376	409.659000
0.106385	409.759000
0.106377	409.859000
0.106373	409.959000
0.106371	410.059000
0.106318	410.159000
0.106359	410.259000
0.106349	410.359000
0.106355	410.459000
0.106324	410.559000
0.106305	410.659000
0.106328	410.759000
0.106318	410.859000
0.106311	410.959000
0.106307	411.059000
0.106299	411.159000
0.106320	411.259000
0.106300	411.359000
0.106302	411.459000
0.106293	411.559000
0.106234	411.659000
0.106274	411.759000
0.106240	411.859000
0.106247	411.959000
0.106283	412.059000
0.106268	412.159000
0.106202	412.259000
0.106022	412.359000
0.105900	412.459000
0.105827	412.559000
0.105731	412.659000
0.105723	412.759000
0.105681	412.859000
0.105646	412.959000
0.105665	413.059000
0.105629	413.159000
0.105642	413.259000
0.105586	413.359000
0.105605	413.459000
0.105649	413.559000
0.105583	413.659000
0.105618	413.759000
0.105642	413.859000
0.105583	413.959000
0.105615	414.059000
0.105625	414.159000
0.105585	414.259000
0.105554	414.360000
0.105546	414.460000
0.105581	414.559000
0.105541	414.659000
0.105532	414.759000
0.105534	414.859000
0.105509	414.959000
0.105498	415.059000
0.105455	415.159000
0.105482	415.259000
0.105513	415.359000
0.105499	415.459000
0.105500	415.559000
0.105472	415.659000
0.105474	415.759000
0.105484	415.859000
0.105472	415.959000
0.105480	416.059000
0.105420	416.159000
0.105408	416.259000
0.105422	416.359000
0.105404	416.459000
0.105456	416.559000
0.105453	416.659000
0.105436	416.759000
0.105428	416.859000
0.105400	416.959000
0.105409	417.059000
0.105333	417.159000
0.105189	417.259000
0.105089	417.359000
0.104967	417.459000
0.104925	417.559000
0.104873	417.659000
0.104846	417.759000
0.104827	417.859000
0.104762	417.959000
0.104787	418.059000
0.104768	418.159000
0.104802	418.259000
0.104808	418.359000
0.104786	418.459000
0.104845	418.559000
0.104784	418.659000
0.104742	418.759000
0.104822	418.859000
0.104756	418.959000
0.104725	419.059000
0.104705	419.159000
0.104695	419.259000
0.104700	419.359000
0.104690	419.459000
0.104709	419.559000
0.104676	419.659000
0.104664	419.759000
0.104708	419.859000
0.104666	419.959000
0.104696	420.059000
0.104723	420.160000
0.104676	420.259000
0.104667	420.359000
0.104655	420.459000
0.104667	420.559000
0.104669	420.659000
0.104644	420.759000
0.104682	420.859000
0.104647	420.959000
0.104635	421.059000
0.104640	421.159000
0.104572	421.259000
0.104587	421.359000
0.104534	421.459000
0.104550	421.559000
0.104542	421.659000
0.104528	421.759000
0.104597	421.859000
0.104537	421.959000
0.104409	422.059000
0.104246	422.159000
0.104145	422.259000
0.104127	422.359000
0.104060	422.459000
0.104041	422.559000
0.104025	422.659000
0.103957	422.759000
0.103990	422.859000
0.103973	422.959000
0.103964	423.059000
0.103982	423.159000
0.103964	423.259000
0.103973	423.359000
0.103960	423.459000
0.103925	423.559000
0.103932	423.659000
0.103890	423.759000
0.103948	423.859000
0.103941	423.959000
0.103909	424.059000
0.103948	424.159000
0.103927	424.259000
0.103948	424.359000
0.103840	424.459000
0.103825	424.559000
0.103926	424.659000
0.103886	424.760000
0.103897	424.859000
0.103867	424.959000
0.103841	425.059000
0.103840	425.159000
0.103875	425.259000
0.103816	425.359000
0.103823	425.459000
0.103813	425.559000
0.103802	425.659000
0.103773	425.759000
0.103816	425.859000
0.103776	425.959000
0.103737	426.059000
0.103813	426.159000
0.103823	426.259000
0.103845	426.359000
0.103806	426.459000
0.103785	426.559000
0.103833	426.659000
0.103759	426.759000
0.103733	426.859000
0.103733	426.959000
0.103672	427.059000
0.103736	427.159000
0.103719	427.259000
0.103690	427.359000
0.103699	427.459000
0.103511	427.559000
0.103399	427.659000
0.103288	427.759000
0.103276	427.859000
0.103233	427.959000
0.103178	428.059000
0.103185	428.159000
0.103121	428.259000
0.103136	428.359000
0.103149	428.459000
0.103077	428.559000
0.103084	428.659000
0.103049	428.759000
0.103064	428.859000
0.103079	428.959000
0.103059	429.059000
0.103086	429.159000
0.103057	429.259000
0.103038	429.359000
0.103056	429.459000
0.103052	429.559000
0.103061	429.659000
0.103065	429.759000
0.103070	429.859000
0.103098	429.959000
0.103058	430.059000
0.103085	430.159000
0.103051	430.259000
0.103014	430.359000
0.103047	430.459000
0.102998	430.559000
0.103030	430.659000
0.103023	430.759000
0.103038	430.859000
0.103070	430.959000
0.102969	431.059000
0.102879	431.159000
0.102752	431.259000
0.102660	431.359000
0.102634	431.459000
0.102559	431.559000
0.102509	431.659000
0.102498	431.759000
0.102426	431.859000
0.102415	431.959000
0.102388	432.059000
0.102430	432.159000
0.102417	432.259000
0.102395	432.359000
0.102397	432.459000
0.102352	432.559000
0.102405	432.659000
0.102428	432.759000
0.102356	432.859000
0.102355	432.959000
0.102316	433.059000
0.102350	433.159000
0.102344	433.259000
0.102293	433.359000
0.102330	433.459000
0.102296	433.559000
0.102362	433.659000
0.102391	433.760000
0.102285	433.859000
0.102267	433.959000
0.102281	434.059000
0.102291	434.159000
0.102305	434.259000
0.102285	434.359000
0.102329	434.459000
0.102272	434.559000
0.102290	434.659000
0.102332	434.759000
0.102298	434.859000
0.102324	434.959000
0.102281	435.059000
0.102261	435.159000
0.102276	435.259000
0.102212	435.359000
0.102251	435.459000
0.102238	435.559000
0.102213	435.659000
0.102235	435.759000
0.102217	435.859000
0.102190	435.959000
0.102174	436.059000
0.102209	436.159000
0.102260	436.259000
0.102179	436.359000
0.102143	436.459000
0.102019	436.559000
0.101877	436.659000
0.101808	436.759000
0.101718	436.859000
0.101701	436.959000
0.101648	437.059000
0.101595	437.159000
0.101639	437.259000
0.101546	437.359000
0.101606	437.459000
0.101574	437.559000
0.101552	437.659000
0.101605	437.759000
0.101585	437.859000
0.101564	437.959000
0.101558	438.059000
0.101547	438.160000
0.101570	438.259000
0.101513	438.359000
0.101542	438.459000
0.101528	438.559000
0.101536	438.659000
0.101565	438.759000
0.101584	438.859000
0.101589	438.959000
0.101519	439.059000
0.101510	439.159000
0.101494	439.259000
0.101464	439.359000
0.101497	439.459000
0.101496	439.559000
0.101443	439.659000
0.101488	439.759000
0.101465	439.859000
0.101479	439.959000
0.101481	440.059000
0.101471	440.159000
0.101445	440.260000
0.101415	440.359000
0.101431	440.459000
0.101454	440.559000
0.101447	440.659000
0.101403	440.759000
0.101361	440.859000
0.101283	440.959000
0.101180	441.059000
0.101062	441.159000
0.101035	441.259000
0.100960	441.359000
0.100870	441.459000
0.100867	441.559000
0.100818	441.659000
0.100822	441.759000
0.100836	441.859000
0.100816	441.959000
0.100784	442.059000
0.100789	442.159000
0.100788	442.259000
0.100765	442.359000
0.100789	442.459000
0.100816	442.559000
0.100828	442.659000
0.100827	442.759000
0.100824	442.859000
0.100804	442.959000
0.100795	443.059000
0.100759	443.159000
0.100786	443.259000
0.100833	443.359000
0.100819	443.459000
0.100798	443.559000
0.100736	443.659000
0.100722	443.759000
0.100681	443.859000
0.100666	443.959000
0.100681	444.059000
0.100645	444.159000
0.100688	444.259000
0.100754	444.359000
0.100740	444.459000
0.100711	444.559000
0.100656	444.659000
0.100675	444.759000
0.100663	444.859000
0.100672	444.959000
0.100725	445.059000
0.100694	445.159000
0.100722	445.259000
0.100712	445.359000
0.100656	445.459000
0.100695	445.559000
0.100674	445.659000
0.100690	445.759000
0.100670	445.859000
0.100614	445.959000
0.100532	446.059000
0.100403	446.159000
0.100359	446.259000
0.100243	446.359000
0.100106	446.459000
0.100098	446.559000
0.100087	446.659000
0.100072	446.759000
0.100076	446.859000
0.100072	446.959000
0.100079	447.059000
0.100025	447.159000
0.100003	447.259000
0.100059	447.359000
0.100032	447.459000
0.100053	447.559000
0.100030	447.659000
0.100027	447.759000
0.100022	447.859000
0.099997	447.959000
0.100013	448.059000
0.100039	448.159000
0.100010	448.259000
0.100038	448.359000
0.099982	448.459000
0.099985	448.559000
0.099970	448.659000
0.099996	448.759000
0.099974	448.859000
0.099965	448.960000
0.099987	449.059000
0.099971	449.159000
0.099968	449.259000
0.100002	449.359000
0.099943	449.459000
0.099928	449.559000
0.099898	449.659000
0.099915	449.759000
0.099957	449.859000
0.099926	449.959000
0.099914	450.059000
0.099816	450.159000
0.099664	450.259000
0.099557	450.359000
0.099455	450.459000
0.099452	450.559000
0.099426	450.659000
0.099368	450.759000
0.099367	450.859000
0.099325	450.959000
0.099325	451.059000
0.099369	451.159000
0.099367	451.259000
0.099357	451.359000
0.099309	451.459000
0.099295	451.559000
0.099336	451.659000
0.099305	451.759000
0.099348	451.859000
0.099335	451.959000
0.099348	452.059000
0.099306	452.159000
0.099256	452.259000
0.099255	452.359000
0.099241	452.459000
0.099279	452.559000
0.099368	452.659000
0.099302	452.759000
0.099263	452.859000
0.099250	452.959000
0.099265	453.059000
0.099264	453.159000
0.099263	453.259000
0.099244	453.359000
0.099223	453.459000
0.099248	453.559000
0.099239	453.659000
0.099215	453.759000
0.099197	453.859000
0.099209	453.959000
0.099216	454.059000
0.099222	454.159000
0.099201	454.259000
0.099190	454.359000
0.099152	454.459000
0.099044	454.559000
0.098957	454.659000
0.098833	454.759000
0.098746	454.859000
0.098702	454.959000
0.098675	455.059000
0.098650	455.159000
0.098632	455.259000
0.098639	455.359000
0.098628	455.459000
0.098612	455.559000
0.098628	455.659000
0.098601	455.759000
0.098635	455.859000
0.098618	455.959000
0.098610	456.059000
0.098608	456.159000
0.098564	456.259000
0.098592	456.359000
0.098610	456.459000
0.098603	456.559000
0.098607	456.659000
0.098574	456.759000
0.098579	456.859000
0.098643	456.959000
0.098560	457.059000
0.098579	457.159000
0.098506	457.259000
0.098468	457.359000
0.098539	457.459000
0.098497	457.559000
0.098536	457.660000
0.098475	457.759000
0.098485	457.859000
0.098477	457.959000
0.098485	458.059000
0.098510	458.159000
0.098489	458.259000
0.098477	458.359000
0.098500	458.459000
0.098457	458.560000
0.098507	458.659000
0.098498	458.759000
0.098534	458.859000
0.098518	458.959000
0.098488	459.059000
0.098453	459.159000
0.098443	459.259000
0.098442	459.359000
0.098453	459.459000
0.098399	459.559000
