0.838965	28.925000
0.839007	29.025000
0.838518	29.125000
0.838052	29.226000
0.837503	29.325000
0.837033	29.425000
0.836477	29.525000
0.835985	29.625000
0.835580	29.725000
0.835049	29.825000
0.834553	29.925000
0.834050	30.025000
0.833575	30.125000
0.833152	30.225000
0.832628	30.325000
0.832161	30.425000
0.831687	30.525000
0.831150	30.625000
0.830698	30.725000
0.830124	30.825000
0.819434	30.925000
0.781715	31.025000
0.749408	31.125000
0.727500	31.225000
0.712872	31.325000
0.703258	31.425000
0.697054	31.525000
0.693014	31.625000
0.690524	31.725000
0.688937	31.825000
0.688039	31.925000
0.687603	32.025000
0.687359	32.125000
0.687379	32.225000
0.687385	32.325000
0.687546	32.425000
0.687759	32.525000
0.687922	32.625000
0.688176	32.725000
0.688417	32.825000
0.688591	32.925000
0.688891	33.025000
0.689153	33.125000
0.689379	33.225000
0.689573	33.325000
0.689760	33.425000
0.690002	33.525000
0.690144	33.625000
0.690388	33.725000
0.690547	33.825000
0.688752	33.925000
0.666969	34.025000
0.641186	34.125000
0.623056	34.225000
0.611008	34.325000
0.603186	34.425000
0.598188	34.525000
0.595002	34.625000
0.593072	34.725000
0.592015	34.825000
0.591429	34.925000
0.591244	35.026000
0.591254	35.125000
0.591494	35.225000
0.591830	35.325000
0.592149	35.425000
0.592592	35.525000
0.593030	35.625000
0.593442	35.725000
0.593888	35.825000
0.594247	35.925000
0.594679	36.025000
0.595102	36.125000
0.595499	36.225000
0.595907	36.325000
0.596244	36.425000
0.596698	36.525000
0.597051	36.625000
0.597196	36.725000
0.586175	36.825000
0.565259	36.925000
0.549735	37.025000
0.539465	37.125000
0.532705	37.225000
0.528483	37.325000
0.525758	37.425000
0.524233	37.525000
0.523388	37.625000
0.522966	37.725000
0.522932	37.825000
0.523050	37.925000
0.523303	38.025000
0.523666	38.125000
0.524011	38.225000
0.524516	38.325000
0.524960	38.425000
0.525414	38.525000
0.525874	38.625000
0.526319	38.726000
0.526817	38.825000
0.527257	38.925000
0.527651	39.025000
0.528106	39.125000
0.528483	39.225000
0.528950	39.325000
0.529388	39.425000
0.529770	39.525000
0.530220	39.625000
0.530598	39.725000
0.531021	39.825000
0.528635	39.925000
0.513355	40.025000
0.498611	40.125000
0.488521	40.225000
0.481955	40.325000
0.477673	40.425000
0.475018	40.525000
0.473500	40.625000
0.472549	40.725000
0.472173	40.825000
0.472101	40.925000
0.472148	41.025000
0.472391	41.125000
0.472623	41.225000
0.473032	41.325000
0.473497	41.425000
0.473890	41.525000
0.474295	41.625000
0.474651	41.725000
0.475106	41.825000
0.475542	41.925000
0.475959	42.025000
0.476453	42.125000
0.476843	42.225000
0.477258	42.325000
0.477672	42.425000
0.477944	42.525000
0.478353	42.625000
0.471855	42.725000
0.458193	42.825000
0.447938	42.925000
0.441043	43.025000
0.436784	43.125000
0.433996	43.225000
0.432286	43.325000
0.431371	43.425000
0.430854	43.525000
0.430705	43.625000
0.430735	43.725000
0.430884	43.825000
0.431176	43.925000
0.431480	44.025000
0.431839	44.125000
0.432208	44.225000
0.432540	44.325000
0.432962	44.425000
0.433363	44.525000
0.433815	44.625000
0.434234	44.725000
0.434567	44.825000
0.435001	44.925000
0.435330	45.025000
0.435718	45.125000
0.436128	45.225000
0.434149	45.325000
0.423610	45.425000
0.413800	45.525000
0.407202	45.625000
0.402935	45.725000
0.400132	45.825000
0.398448	45.926000
0.397464	46.025000
0.397022	46.125000
0.396845	46.225000
0.396787	46.325000
0.396967	46.425000
0.397204	46.525000
0.397437	46.625000
0.397813	46.725000
0.398133	46.825000
0.398486	46.925000
0.398883	47.025000
0.399205	47.125000
0.399652	47.225000
0.399971	47.325000
0.400348	47.425000
0.400705	47.525000
0.401031	47.625000
0.401421	47.725000
0.401693	47.825000
0.400819	47.925000
0.392583	48.025000
0.383881	48.125000
0.377979	48.225000
0.374109	48.325000
0.371677	48.425000
0.370165	48.525000
0.369170	48.625000
0.368772	48.725000
0.368562	48.825000
0.368548	48.925000
0.368682	49.025000
0.368829	49.125000
0.369169	49.225000
0.369478	49.325000
0.369770	49.425000
0.370030	49.525000
0.370383	49.625000
0.370770	49.725000
0.371046	49.825000
0.371343	49.925000
0.371688	50.025000
0.372031	50.125000
0.372373	50.225000
0.372762	50.325000
0.373043	50.425000
0.373354	50.525000
0.373595	50.625000
0.373906	50.725000
0.373432	50.825000
0.366672	50.925000
0.359080	51.025000
0.353746	51.125000
0.350342	51.225000
0.348226	51.325000
0.346778	51.425000
0.345998	51.525000
0.345541	51.625000
0.345383	51.725000
0.345370	51.825000
0.345443	51.925000
0.345616	52.025000
0.345866	52.125000
0.346124	52.225000
0.346433	52.325000
0.346703	52.425000
0.347049	52.525000
0.347288	52.625000
0.347588	52.725000
0.347962	52.825000
0.348212	52.925000
0.348525	53.025000
0.348757	53.125000
0.349038	53.226000
0.349378	53.325000
0.347938	53.425000
0.341187	53.525000
0.335062	53.625000
0.330905	53.725000
0.328242	53.825000
0.326512	53.925000
0.325511	54.025000
0.324964	54.125000
0.324655	54.225000
0.324600	54.325000
0.324642	54.426000
0.324719	54.525000
0.324893	54.625000
0.325064	54.725000
0.325356	54.825000
0.325612	54.925000
0.325871	55.025000
0.326170	55.125000
0.326405	55.225000
0.326741	55.325000
0.326968	55.425000
0.327173	55.525000
0.327498	55.625000
0.327725	55.725000
0.328043	55.825000
0.328286	55.925000
0.328567	56.025000
0.328863	56.125000
0.329046	56.225000
0.329311	56.325000
0.329565	56.425000
0.328866	56.525000
0.323375	56.625000
0.317655	56.725000
0.313782	56.825000
0.311241	56.925000
0.309556	57.025000
0.308610	57.125000
0.308024	57.225000
0.307721	57.325000
0.307656	57.425000
0.307608	57.525000
0.307748	57.626000
0.307923	57.725000
0.308099	57.825000
0.308291	57.925000
0.308441	58.025000
0.308741	58.125000
0.308960	58.225000
0.309205	58.325000
0.309495	58.425000
0.309692	58.525000
0.309991	58.625000
0.310208	58.725000
0.310464	58.825000
0.310693	58.925000
0.310893	59.025000
0.311127	59.125000
0.311374	59.225000
0.311541	59.325000
0.311830	59.425000
0.310460	59.525000
0.305105	59.625000
0.300350	59.725000
0.297138	59.825000
0.295124	59.925000
0.293759	60.025000
0.292982	60.125000
0.292578	60.225000
0.292306	60.325000
0.292276	60.425000
0.292309	60.525000
0.292428	60.625000
0.292570	60.725000
0.292676	60.825000
0.292939	60.925000
0.293127	61.026000
0.293354	61.125000
0.293591	61.225000
0.293787	61.325000
0.294037	61.425000
0.294230	61.525000
0.294471	61.625000
0.294712	61.725000
0.294853	61.825000
0.295058	61.925000
0.294966	62.025000
0.291535	62.125000
0.286774	62.225000
0.283284	62.325000
0.281075	62.425000
0.279651	62.525000
0.278750	62.625000
0.278281	62.725000
0.278001	62.825000
0.277907	62.925000
0.277945	63.025000
0.277979	63.125000
0.278123	63.225000
0.278228	63.325000
0.278440	63.425000
0.278604	63.525000
0.278757	63.625000
0.278980	63.725000
0.279168	63.825000
0.279319	63.925000
0.279512	64.025000
0.279765	64.125000
0.279975	64.225000
0.280140	64.325000
0.280280	64.425000
0.280480	64.525000
0.280662	64.625000
0.280916	64.725000
0.281130	64.825000
0.281299	64.925000
0.281538	65.025000
0.281536	65.125000
0.278855	65.225000
0.274446	65.325000
0.271220	65.425000
0.269065	65.525000
0.267623	65.625000
0.266799	65.725000
0.266285	65.825000
0.266032	65.925000
0.265978	66.025000
0.265916	66.125000
0.266020	66.225000
0.266147	66.325000
0.266203	66.425000
0.266416	66.525000
0.266578	66.625000
0.266766	66.725000
0.266930	66.825000
0.267052	66.925000
0.267257	67.025000
0.267407	67.125000
0.267601	67.225000
0.267782	67.325000
0.267940	67.425000
0.268157	67.525000
0.268277	67.625000
0.268478	67.725000
0.268639	67.825000
0.268789	67.925000
0.269014	68.025000
0.269143	68.125000
0.269323	68.225000
0.268260	68.325000
0.264228	68.425000
0.260846	68.525000
0.258593	68.625000
0.257116	68.725000
0.256157	68.825000
0.255610	68.925000
0.255353	69.025000
0.255192	69.125000
0.255142	69.225000
0.255202	69.325000
0.255256	69.425000
0.255375	69.525000
0.255510	69.625000
0.255615	69.725000
0.255801	69.825000
0.255897	69.925000
0.256093	70.025000
0.256238	70.125000
0.256381	70.225000
0.256599	70.326000
0.256745	70.425000
0.256903	70.525000
0.257099	70.625000
0.257245	70.725000
0.257432	70.825000
0.257589	70.925000
0.257719	71.025000
0.257891	71.125000
0.258003	71.225000
0.258205	71.325000
0.257437	71.425000
0.254046	71.525000
0.250837	71.625000
0.248601	71.725000
0.247214	71.825000
0.246292	71.925000
0.245759	72.025000
0.245486	72.125000
0.245290	72.225000
0.245326	72.325000
0.245278	72.425000
0.245380	72.525000
0.245495	72.625000
0.245566	72.725000
0.245709	72.825000
0.245873	72.925000
0.245988	73.025000
0.246152	73.125000
0.246240	73.225000
0.246444	73.325000
0.246572	73.425000
0.246709	73.525000
0.246871	73.625000
0.246996	73.725000
0.247150	73.825000
0.247270	73.925000
0.247445	74.025000
0.247649	74.125000
0.247740	74.225000
0.247858	74.325000
0.248061	74.425000
0.248136	74.525000
0.248283	74.625000
0.248357	74.725000
0.248370	74.826000
0.245989	74.925000
0.242710	75.025000
0.240393	75.125000
0.238841	75.225000
0.237842	75.325000
0.237275	75.425000
0.236856	75.525000
0.236701	75.625000
0.236593	75.725000
0.236617	75.825000
0.236689	75.925000
0.236730	76.025000
0.236883	76.125000
0.237029	76.225000
0.237074	76.325000
0.237201	76.425000
0.237292	76.525000
0.237436	76.625000
0.237589	76.725000
0.237734	76.825000
0.237889	76.925000
0.238003	77.025000
0.238148	77.125000
0.238256	77.226000
0.238361	77.325000
0.238536	77.425000
0.238671	77.525000
0.238823	77.625000
0.238971	77.725000
0.239058	77.825000
0.239144	77.925000
0.238992	78.025000
0.236660	78.125000
0.233750	78.225000
0.231716	78.325000
0.230363	78.425000
0.229446	78.525000
0.228875	78.625000
0.228595	78.725000
0.228400	78.825000
0.228378	78.925000
0.228322	79.025000
0.228347	79.125000
0.228466	79.225000
0.228556	79.325000
0.228650	79.425000
0.228774	79.525000
0.228892	79.625000
0.229054	79.725000
0.229126	79.825000
0.229229	79.925000
0.229368	80.025000
0.229442	80.125000
0.229625	80.225000
0.229703	80.325000
0.229861	80.425000
0.229956	80.525000
0.230062	80.625000
0.230207	80.725000
0.230271	80.825000
0.230431	80.925000
0.230525	81.025000
0.230604	81.125000
0.230831	81.225000
0.230919	81.325000
0.231002	81.425000
0.231139	81.525000
0.231243	81.625000
0.231380	81.725000
0.231488	81.825000
0.231620	81.925000
0.231756	82.025000
0.231849	82.125000
0.231923	82.225000
0.232026	82.325000
0.232159	82.425000
0.232150	82.525000
0.230184	82.625000
0.227423	82.725000
0.225337	82.825000
0.223964	82.925000
0.223098	83.025000
0.222559	83.125000
0.222258	83.225000
0.222054	83.325000
0.221948	83.425000
0.222011	83.525000
0.222029	83.625000
0.222102	83.725000
0.222134	83.825000
0.222165	83.925000
0.222319	84.025000
0.222405	84.125000
0.222521	84.225000
0.222648	84.325000
0.222753	84.425000
0.222877	84.525000
0.222960	84.625000
0.223081	84.725000
0.223224	84.825000
0.223307	84.925000
0.223415	85.025000
0.223529	85.125000
0.223670	85.225000
0.223752	85.325000
0.223817	85.425000
0.223954	85.525000
0.224028	85.625000
0.224106	85.725000
0.224190	85.825000
0.222871	85.925000
0.220282	86.025000
0.218175	86.125000
0.216811	86.225000
0.215976	86.325000
0.215391	86.425000
0.215029	86.525000
0.214895	86.625000
0.214823	86.725000
0.214820	86.825000
0.214839	86.925000
0.214930	87.025000
0.215012	87.125000
0.215040	87.225000
0.215133	87.325000
0.215216	87.425000
0.215364	87.525000
0.215511	87.625000
0.215489	87.725000
0.215577	87.825000
0.215675	87.925000
0.215840	88.025000
0.215946	88.125000
0.216011	88.225000
0.216136	88.325000
0.216195	88.425000
0.216265	88.525000
0.216377	88.625000
0.216473	88.725000
0.216622	88.825000
0.216753	88.925000
0.216811	89.025000
0.216873	89.125000
0.216991	89.225000
0.217108	89.325000
0.217173	89.425000
0.217073	89.525000
0.215155	89.625000
0.212761	89.725000
0.211131	89.825000
0.210050	89.925000
0.209333	90.025000
0.208960	90.125000
0.208628	90.225000
0.208510	90.325000
0.208499	90.425000
0.208434	90.525000
0.208486	90.625000
0.208516	90.725000
0.208602	90.825000
0.208688	90.925000
0.208754	91.025000
0.208882	91.125000
0.208966	91.225000
0.209014	91.325000
0.209138	91.425000
0.209204	91.525000
0.209332	91.625000
0.209404	91.725000
0.209544	91.825000
0.209656	91.925000
0.209679	92.025000
0.209811	92.125000
0.209903	92.225000
0.210005	92.325000
0.210120	92.425000
0.210169	92.525000
0.210303	92.625000
0.210353	92.725000
0.210475	92.825000
0.210587	92.925000
0.210653	93.025000
0.210782	93.125000
0.210693	93.225000
0.209035	93.325000
0.206867	93.425000
0.205309	93.525000
0.204318	93.625000
0.203625	93.725000
0.203132	93.825000
0.202924	93.925000
0.202781	94.025000
0.202734	94.125000
0.202719	94.225000
0.202688	94.325000
0.202792	94.425000
0.202833	94.525000
0.202889	94.625000
0.202965	94.725000
0.203033	94.825000
0.203190	94.925000
0.203258	95.025000
0.203385	95.125000
0.203485	95.225000
0.203570	95.325000
0.203711	95.425000
0.203766	95.525000
0.203887	95.625000
0.203965	95.725000
0.203980	95.825000
0.204057	95.925000
0.204066	96.025000
0.204161	96.125000
0.204301	96.225000
0.204385	96.325000
0.204488	96.425000
0.204587	96.525000
0.204648	96.625000
0.204759	96.725000
0.204844	96.825000
0.204967	96.925000
0.204040	97.025000
0.201859	97.125000
0.200224	97.225000
0.199048	97.325000
0.198276	97.425000
0.197810	97.525000
0.197504	97.625000
0.197371	97.725000
0.197258	97.825000
0.197240	97.925000
0.197212	98.025000
0.197286	98.125000
0.197364	98.225000
0.197391	98.325000
0.197454	98.425000
0.197562	98.525000
0.197631	98.625000
0.197726	98.726000
0.197786	98.826000
0.197905	98.925000
0.198000	99.025000
0.198051	99.125000
0.198148	99.225000
0.198204	99.325000
0.198260	99.425000
0.198381	99.525000
0.198439	99.625000
0.198522	99.725000
0.198570	99.825000
0.198649	99.925000
0.198765	100.025000
0.198824	100.125000
0.198938	100.225000
0.198981	100.325000
0.199035	100.425000
0.199151	100.525000
0.199251	100.625000
0.199361	100.725000
0.199384	100.825000
0.199445	100.925000
0.199538	101.025000
0.199648	101.125000
0.199795	101.225000
0.199342	101.325000
0.197400	101.425000
0.195675	101.525000
0.194429	101.625000
0.193635	101.725000
0.193142	101.825000
0.192736	101.925000
0.192618	102.025000
0.192528	102.125000
0.192479	102.225000
0.192419	102.325000
0.192458	102.425000
0.192537	102.525000
0.192598	102.625000
0.192726	102.725000
0.192809	102.825000
0.192874	102.925000
0.192977	103.025000
0.192998	103.125000
0.193080	103.225000
0.193105	103.325000
0.193142	103.425000
0.193280	103.525000
0.193343	103.626000
0.193387	103.725000
0.193527	103.825000
0.193592	103.925000
0.193677	104.025000
0.193718	104.125000
0.193779	104.225000
0.193870	104.325000
0.193926	104.425000
0.194056	104.525000
0.194152	104.625000
0.194195	104.725000
0.194275	104.825000
0.194381	104.925000
0.194420	105.025000
0.194504	105.126000
0.194555	105.225000
0.194644	105.325000
0.194668	105.425000
0.193609	105.525000
0.191753	105.625000
0.190288	105.725000
0.189312	105.825000
0.188712	105.925000
0.188304	106.025000
0.188119	106.125000
0.187915	106.225000
0.187883	106.325000
0.187843	106.425000
0.187850	106.525000
0.187913	106.625000
0.187976	106.725000
0.188051	106.825000
0.188135	106.925000
0.188194	107.025000
0.188282	107.125000
0.188260	107.225000
0.188355	107.325000
0.188470	107.425000
0.188497	107.525000
0.188649	107.625000
0.188714	107.725000
0.188820	107.825000
0.188873	107.925000
0.188907	108.025000
0.189012	108.125000
0.189057	108.225000
0.189068	108.325000
0.189154	108.425000
0.189225	108.525000
0.189318	108.625000
0.189366	108.725000
0.189405	108.825000
0.189501	108.925000
0.189563	109.025000
0.189689	109.125000
0.189757	109.225000
0.189798	109.325000
0.189870	109.425000
0.189923	109.525000
0.190009	109.625000
0.190050	109.725000
0.190108	109.825000
0.190259	109.925000
0.190278	110.025000
0.190355	110.125000
0.190385	110.225000
0.190491	110.325000
0.190576	110.425000
0.190666	110.525000
0.190580	110.625000
0.189351	110.725000
0.187592	110.825000
0.186362	110.925000
0.185473	111.025000
0.184969	111.125000
0.184542	111.225000
0.184307	111.325000
0.184274	111.425000
0.184167	111.525000
0.184167	111.625000
0.184137	111.725000
0.184121	111.825000
0.184215	111.925000
0.184255	112.025000
0.184366	112.125000
0.184411	112.225000
0.184470	112.325000
0.184587	112.425000
0.184642	112.525000
0.184695	112.625000
0.184793	112.725000
0.184800	112.825000
0.184893	112.925000
0.184986	113.025000
0.185024	113.125000
0.185110	113.225000
0.185149	113.325000
0.185080	113.425000
0.183875	113.525000
0.182219	113.625000
0.181111	113.725000
0.180289	113.825000
0.179794	113.925000
0.179495	114.025000
0.179302	114.125000
0.179202	114.225000
0.179145	114.325000
0.179186	114.425000
0.179183	114.525000
0.179195	114.625000
0.179268	114.725000
0.179353	114.825000
0.179453	114.925000
0.179474	115.025000
0.179472	115.125000
0.179559	115.225000
0.179559	115.325000
0.179661	115.425000
0.179767	115.525000
0.179772	115.625000
0.179880	115.725000
0.179957	115.825000
0.180013	115.926000
0.180069	116.025000
0.180117	116.125000
0.180240	116.225000
0.180276	116.325000
0.180338	116.425000
0.180444	116.525000
0.180404	116.625000
0.179477	116.725000
0.177922	116.825000
0.176751	116.925000
0.175980	117.025000
0.175484	117.125000
0.175181	117.225000
0.174961	117.325000
0.174795	117.425000
0.174763	117.525000
0.174745	117.625000
0.174833	117.725000
0.174861	117.825000
0.174853	117.925000
0.174935	118.025000
0.174959	118.125000
0.175029	118.225000
0.175098	118.325000
0.175133	118.425000
0.175235	118.525000
0.175275	118.625000
0.175339	118.725000
0.175425	118.825000
0.175442	118.925000
0.175554	119.025000
0.175567	119.125000
0.175647	119.225000
0.175750	119.325000
0.175753	119.425000
0.175796	119.525000
0.175851	119.625000
0.175962	119.725000
0.176000	119.825000
0.176027	119.925000
0.176098	120.025000
0.175332	120.125000
0.173876	120.225000
0.172752	120.325000
0.171979	120.425000
0.171477	120.525000
0.171126	120.625000
0.170917	120.725000
0.170849	120.825000
0.170768	120.925000
0.170772	121.025000
0.170796	121.125000
0.170812	121.225000
0.170878	121.325000
0.170856	121.425000
0.170973	121.525000
0.171024	121.625000
0.171081	121.725000
0.171181	121.825000
0.171208	121.925000
0.171268	122.025000
0.171351	122.125000
0.171357	122.225000
0.171432	122.325000
0.171461	122.425000
0.171531	122.525000
0.171591	122.625000
0.171622	122.725000
0.171518	122.825000
0.170300	122.925000
0.168994	123.025000
0.168146	123.125000
0.167617	123.225000
0.167258	123.325000
0.166900	123.425000
0.166764	123.525000
0.166723	123.625000
0.166679	123.725000
0.166708	123.825000
0.166678	123.925000
0.166702	124.025000
0.166785	124.125000
0.166774	124.225000
0.166840	124.325000
0.166908	124.425000
0.166959	124.525000
0.167089	124.625000
0.167083	124.725000
0.167181	124.825000
0.167238	124.925000
0.167315	125.025000
0.167326	125.125000
0.167341	125.225000
0.167416	125.325000
0.167451	125.425000
0.167514	125.525000
0.167656	125.625000
0.167698	125.725000
0.167735	125.825000
0.167791	125.925000
0.167822	126.025000
0.167919	126.125000
0.167944	126.225000
0.167750	126.325000
0.166560	126.425000
0.165345	126.525000
0.164584	126.625000
0.164036	126.725000
0.163642	126.825000
0.163453	126.925000
0.163283	127.025000
0.163252	127.125000
0.163202	127.225000
0.163211	127.325000
0.163268	127.425000
0.163258	127.525000
0.163318	127.625000
0.163372	127.725000
0.163387	127.825000
0.163481	127.925000
0.163537	128.025000
0.163634	128.125000
0.163637	128.225000
0.163676	128.325000
0.163764	128.425000
0.163814	128.525000
0.163894	128.625000
0.163935	128.725000
0.163995	128.825000
0.164067	128.925000
0.164116	129.025000
0.164131	129.125000
0.164175	129.225000
0.164211	129.325000
0.164322	129.425000
0.164396	129.525000
0.164353	129.625000
0.163622	129.725000
0.162406	129.825000
0.161468	129.925000
0.160839	130.025000
0.160444	130.125000
0.160166	130.225000
0.159956	130.325000
0.159909	130.425000
0.159867	130.525000
0.159831	130.625000
0.159847	130.725000
0.159866	130.825000
0.159935	130.925000
0.160036	131.025000
0.160082	131.125000
0.160153	131.225000
0.160102	131.325000
0.160214	131.425000
0.160257	131.525000
0.160297	131.625000
0.160351	131.725000
0.160386	131.825000
0.160413	131.925000
0.160459	132.025000
0.160506	132.125000
0.160617	132.225000
0.160655	132.325000
0.160677	132.425000
0.160742	132.525000
0.160779	132.625000
0.160847	132.725000
0.160888	132.825000
0.161001	132.925000
0.161023	133.025000
0.161043	133.125000
0.161113	133.225000
0.161142	133.325000
0.161208	133.425000
0.161252	133.525000
0.161271	133.625000
0.161355	133.725000
0.161280	133.825000
0.160413	133.925000
0.159262	134.025000
0.158422	134.125000
0.157920	134.225000
0.157524	134.325000
0.157240	134.425000
0.157120	134.525000
0.156999	134.625000
0.157020	134.725000
0.157010	134.825000
0.157051	134.925000
0.157097	135.025000
0.157095	135.125000
0.157151	135.225000
0.157220	135.325000
0.157240	135.425000
0.157315	135.525000
0.157299	135.625000
0.157388	135.725000
0.157453	135.825000
0.157447	135.925000
0.157533	136.025000
0.157552	136.125000
0.157640	136.225000
0.157670	136.325000
0.157709	136.425000
0.157788	136.525000
0.157823	136.625000
0.157878	136.725000
0.157919	136.825000
0.157913	136.925000
0.157965	137.025000
0.158030	137.125000
0.157851	137.225000
0.156842	137.325000
0.155771	137.425000
0.155119	137.525000
0.154622	137.625000
0.154338	137.725000
0.154169	137.825000
0.153991	137.925000
0.153958	138.025000
0.153899	138.125000
0.153915	138.225000
0.153939	138.325000
0.153952	138.425000
0.154055	138.525000
0.154066	138.625000
0.154099	138.725000
0.154164	138.825000
0.154182	138.925000
0.154249	139.025000
0.154275	139.125000
0.154331	139.225000
0.154425	139.325000
0.154446	139.425000
0.154517	139.525000
0.154562	139.625000
0.154572	139.725000
0.154667	139.825000
0.154721	139.925000
0.154722	140.025000
0.154763	140.125000
0.154827	140.225000
0.154875	140.325000
0.154929	140.425000
0.154944	140.525000
0.154961	140.625000
0.154974	140.725000
0.155078	140.825000
0.155093	140.925000
0.155096	141.025000
0.154289	141.125000
0.153180	141.225000
0.152453	141.325000
0.151947	141.425000
0.151612	141.525000
0.151451	141.625000
0.151293	141.725000
0.151253	141.825000
0.151212	141.925000
0.151197	142.025000
0.151210	142.125000
0.151267	142.225000
0.151322	142.325000
0.151339	142.425000
0.151353	142.525000
0.151429	142.625000
0.151459	142.725000
0.151471	142.825000
0.151531	142.925000
0.151566	143.025000
0.151657	143.125000
0.151671	143.225000
0.151730	143.325000
0.151809	143.425000
0.151841	143.525000
0.151886	143.625000
0.151876	143.725000
0.151963	143.825000
0.151996	143.925000
0.152003	144.025000
0.152071	144.125000
0.152069	144.225000
0.152145	144.325000
0.152199	144.425000
0.152188	144.525000
0.152241	144.625000
0.152298	144.725000
0.152180	144.825000
0.151351	144.925000
0.150340	145.025000
0.149688	145.125000
0.149248	145.225000
0.148969	145.325000
0.148775	145.425000
0.148663	145.525000
0.148607	145.625000
0.148552	145.725000
0.148566	145.825000
0.148593	145.925000
0.148607	146.025000
0.148643	146.125000
0.148683	146.225000
0.148711	146.325000
0.148768	146.425000
0.148783	146.525000
0.148835	146.625000
0.148877	146.725000
0.148921	146.825000
0.149004	146.925000
0.148991	147.025000
0.149044	147.125000
0.149101	147.225000
0.149153	147.325000
0.149172	147.426000
0.149167	147.525000
0.149235	147.625000
0.149264	147.725000
0.149297	147.825000
0.149341	147.925000
0.148717	148.025000
0.147753	148.125000
0.147051	148.225000
0.146516	148.325000
0.146245	148.425000
0.146026	148.525000
0.145906	148.625000
0.145865	148.725000
0.145869	148.825000
0.145894	148.926000
0.145842	149.025000
0.145875	149.125000
0.145907	149.225000
0.145896	149.325000
0.145956	149.425000
0.145937	149.525000
0.145976	149.625000
0.146025	149.725000
0.146017	149.825000
0.146089	149.925000
0.146149	150.025000
0.146177	150.125000
0.146278	150.225000
0.146243	150.325000
0.146316	150.425000
0.146352	150.525000
0.146327	150.625000
0.146425	150.725000
0.146456	150.825000
0.146511	150.925000
0.146547	151.025000
0.146546	151.125000
0.146614	151.225000
0.146614	151.325000
0.146670	151.425000
0.146721	151.525000
0.146758	151.625000
0.146847	151.725000
0.146834	151.825000
0.146873	151.925000
0.146944	152.025000
0.146945	152.125000
0.146839	152.225000
0.146037	152.325000
0.145165	152.425000
0.144569	152.525000
0.144121	152.625000
0.143861	152.725000
0.143674	152.825000
0.143568	152.925000
0.143530	153.025000
0.143501	153.125000
0.143521	153.225000
0.143503	153.325000
0.143515	153.425000
0.143554	153.525000
0.143597	153.625000
0.143666	153.725000
0.143712	153.825000
0.143748	153.925000
0.143794	154.025000
0.143798	154.125000
0.143863	154.225000
0.143913	154.325000
0.143954	154.425000
0.144041	154.525000
0.144027	154.625000
0.144037	154.725000
0.144101	154.825000
0.144138	154.925000
0.144226	155.025000
0.144189	155.125000
0.144208	155.225000
0.144242	155.325000
0.144228	155.425000
0.144373	155.525000
0.144358	155.625000
0.144391	155.725000
0.144383	155.825000
0.144420	155.925000
0.144477	156.025000
0.144505	156.125000
0.144554	156.225000
0.144604	156.325000
0.144101	156.425000
0.143242	156.525000
0.142508	156.625000
0.142052	156.725000
0.141757	156.825000
0.141552	156.925000
0.141416	157.025000
0.141304	157.125000
0.141272	157.225000
0.141275	157.325000
0.141241	157.425000
0.141315	157.525000
0.141303	157.625000
0.141354	157.725000
0.141417	157.825000
0.141402	157.925000
0.141474	158.025000
0.141506	158.125000
0.141503	158.225000
0.141541	158.325000
0.141559	158.425000
0.141626	158.525000
0.141637	158.625000
0.141635	158.725000
0.141681	158.825000
0.141688	158.925000
0.141724	159.025000
0.141783	159.125000
0.141812	159.225000
0.141892	159.325000
0.141907	159.425000
0.141969	159.525000
0.141982	159.625000
0.141971	159.725000
0.142088	159.825000
0.142091	159.925000
0.142131	160.025000
0.142158	160.125000
0.142163	160.225000
0.142216	160.325000
0.142208	160.425000
0.142248	160.525000
0.142289	160.625000
0.141799	160.725000
0.141012	160.825000
0.140324	160.925000
0.139884	161.025000
0.139605	161.125000
0.139348	161.226000
0.139237	161.325000
0.139159	161.425000
0.139092	161.525000
0.139131	161.625000
0.139147	161.725000
0.139129	161.825000
0.139174	161.925000
0.139169	162.025000
0.139216	162.125000
0.139193	162.225000
0.139258	162.325000
0.139297	162.425000
0.139328	162.525000
0.139410	162.625000
0.139453	162.725000
0.139510	162.825000
0.139540	162.925000
0.139550	163.026000
0.139624	163.125000
0.139620	163.225000
0.139686	163.325000
0.139684	163.425000
0.139678	163.525000
0.139186	163.625000
0.138347	163.725000
0.137711	163.825000
0.137309	163.925000
0.137042	164.025000
0.136868	164.125000
0.136729	164.225000
0.136696	164.325000
0.136726	164.425000
0.136670	164.525000
0.136674	164.625000
0.136683	164.725000
0.136719	164.825000
0.136752	164.925000
0.136737	165.025000
0.136801	165.125000
0.136855	165.225000
0.136818	165.325000
0.136901	165.425000
0.136928	165.525000
0.136959	165.625000
0.136952	165.725000
0.136959	165.825000
0.137041	165.925000
0.137033	166.025000
0.137122	166.125000
0.137125	166.225000
0.137134	166.325000
0.137180	166.425000
0.137228	166.525000
0.136995	166.625000
0.136268	166.725000
0.135580	166.825000
0.135142	166.925000
0.134822	167.025000
0.134607	167.125000
0.134482	167.225000
0.134388	167.325000
0.134320	167.425000
0.134358	167.525000
0.134355	167.625000
0.134350	167.725000
0.134358	167.825000
0.134402	167.925000
0.134389	168.025000
0.134443	168.126000
0.134463	168.225000
0.134449	168.325000
0.134496	168.425000
0.134505	168.525000
0.134563	168.625000
0.134619	168.725000
0.134615	168.825000
0.134704	168.925000
0.134737	169.025000
0.134744	169.125000
0.134790	169.225000
0.134791	169.325000
0.134797	169.425000
0.134894	169.525000
0.134913	169.625000
0.134923	169.725000
0.134935	169.825000
0.134996	169.925000
0.135014	170.025000
0.135022	170.125000
0.134687	170.225000
0.133943	170.325000
0.133375	170.425000
0.132932	170.525000
0.132648	170.625000
0.132509	170.725000
0.132357	170.825000
0.132285	170.925000
0.132275	171.025000
0.132245	171.125000
0.132281	171.225000
0.132302	171.325000
0.132310	171.425000
0.132361	171.525000
0.132345	171.625000
0.132412	171.725000
0.132392	171.825000
0.132402	171.925000
0.132463	172.025000
0.132459	172.125000
0.132511	172.225000
0.132498	172.325000
0.132553	172.425000
0.132605	172.525000
0.132595	172.625000
0.132635	172.725000
0.132649	172.825000
0.132694	172.925000
0.132694	173.025000
0.132729	173.125000
0.132747	173.225000
0.132774	173.325000
0.132786	173.425000
0.132839	173.525000
0.132855	173.625000
0.132898	173.725000
0.132946	173.825000
0.132944	173.925000
0.133031	174.025000
0.132959	174.125000
0.132859	174.225000
0.132249	174.325000
0.131617	174.425000
0.131167	174.525000
0.130854	174.625000
0.130672	174.725000
0.130600	174.825000
0.130473	174.925000
0.130454	175.025000
0.130414	175.125000
0.130429	175.225000
0.130401	175.325000
0.130380	175.425000
0.130478	175.525000
0.130480	175.625000
0.130414	175.725000
0.130456	175.825000
0.130479	175.925000
0.130524	176.025000
0.130526	176.125000
0.130578	176.225000
0.130626	176.325000
0.130611	176.425000
0.130687	176.525000
0.130712	176.625000
0.130734	176.725000
0.130783	176.825000
0.130748	176.925000
0.130799	177.025000
0.130836	177.125000
0.130832	177.225000
0.130886	177.325000
0.130888	177.425000
0.130940	177.525000
0.130991	177.625000
0.130963	177.725000
0.131002	177.825000
0.131015	177.925000
0.131085	178.025000
0.131110	178.125000
0.131055	178.225000
0.131205	178.325000
0.131160	178.425000
0.130662	178.525000
0.129986	178.625000
0.129437	178.725000
0.129130	178.825000
0.128845	178.925000
0.128724	179.025000
0.128612	179.125000
0.128548	179.225000
0.128577	179.325000
0.128555	179.425000
0.128584	179.525000
0.128588	179.625000
0.128582	179.725000
0.128643	179.825000
0.128645	179.925000
0.128677	180.025000
0.128721	180.125000
0.128710	180.225000
0.128741	180.325000
0.128766	180.425000
0.128783	180.525000
0.128816	180.625000
0.128795	180.725000
0.128852	180.825000
0.128889	180.925000
0.128916	181.025000
0.128948	181.125000
0.128952	181.225000
0.129004	181.325000
0.129019	181.425000
0.129030	181.525000
0.129111	181.625000
0.129107	181.725000
0.129124	181.825000
0.129115	181.925000
0.129153	182.025000
0.129182	182.125000
0.129203	182.225000
0.129233	182.325000
0.129289	182.425000
0.129295	182.525000
0.129328	182.625000
0.129337	182.725000
0.129380	182.825000
0.129379	182.925000
0.129381	183.025000
0.129351	183.125000
0.128852	183.225000
0.128212	183.325000
0.127742	183.425000
0.127405	183.525000
0.127203	183.625000
0.127069	183.725000
0.126973	183.825000
0.126904	183.925000
0.126851	184.025000
0.126917	184.125000
0.126879	184.225000
0.126894	184.325000
0.126945	184.425000
0.126950	184.525000
0.126962	184.625000
0.126951	184.725000
0.126989	184.825000
0.127037	184.925000
0.127009	185.025000
0.127077	185.125000
0.127108	185.225000
0.127143	185.325000
0.127166	185.425000
0.127178	185.526000
0.127210	185.625000
0.127190	185.725000
0.127178	185.825000
0.127297	185.925000
0.127314	186.025000
0.127322	186.126000
0.127313	186.225000
0.127293	186.325000
0.127360	186.425000
0.127376	186.525000
0.127366	186.625000
0.126935	186.725000
0.126241	186.825000
0.125802	186.925000
0.125486	187.025000
0.125290	187.125000
0.125184	187.225000
0.125063	187.325000
0.125042	187.425000
0.125025	187.525000
0.125003	187.625000
0.125049	187.725000
0.125050	187.825000
0.125123	187.925000
0.125033	188.025000
0.125056	188.125000
0.125113	188.225000
0.125138	188.325000
0.125171	188.425000
0.125125	188.525000
0.125170	188.625000
0.125216	188.725000
0.125244	188.825000
0.125267	188.925000
0.125271	189.025000
0.125262	189.125000
0.125305	189.225000
0.125295	189.325000
0.125346	189.425000
0.125370	189.525000
0.125368	189.625000
0.125407	189.725000
0.125390	189.825000
0.125492	189.925000
0.125442	190.025000
0.124913	190.125000
0.124317	190.225000
0.123860	190.325000
0.123627	190.426000
0.123445	190.525000
0.123300	190.625000
0.123242	190.725000
0.123176	190.825000
0.123165	190.925000
0.123142	191.025000
0.123121	191.125000
0.123197	191.225000
0.123192	191.325000
0.123210	191.425000
0.123260	191.525000
0.123248	191.625000
0.123320	191.725000
0.123308	191.825000
0.123300	191.925000
0.123359	192.025000
0.123347	192.125000
0.123400	192.225000
0.123409	192.325000
0.123440	192.425000
0.123503	192.525000
0.123469	192.625000
0.123502	192.725000
0.123523	192.825000
0.123532	192.925000
0.123547	193.025000
0.123546	193.125000
0.123529	193.225000
0.123021	193.325000
0.122434	193.425000
0.122047	193.525000
0.121774	193.625000
0.121568	193.725000
0.121434	193.825000
0.121336	193.925000
0.121360	194.025000
0.121322	194.125000
0.121328	194.225000
0.121353	194.325000
0.121348	194.425000
0.121416	194.525000
0.121362	194.625000
0.121384	194.725000
0.121401	194.825000
0.121423	194.925000
0.121461	195.025000
0.121496	195.125000
0.121547	195.226000
0.121561	195.325000
0.121564	195.425000
0.121660	195.525000
0.121650	195.625000
0.121700	195.725000
0.121690	195.825000
0.121666	195.925000
0.121399	196.025000
0.120867	196.125000
0.120417	196.225000
0.120085	196.325000
0.119825	196.425000
0.119739	196.525000
0.119651	196.625000
0.119597	196.725000
0.119599	196.825000
0.119574	196.925000
0.119546	197.025000
0.119560	197.125000
0.119529	197.225000
0.119573	197.325000
0.119554	197.425000
0.119607	197.525000
0.119666	197.625000
0.119685	197.725000
0.119719	197.825000
0.119672	197.925000
0.119722	198.025000
0.119748	198.125000
0.119726	198.225000
0.119783	198.325000
0.119785	198.425000
0.119834	198.525000
0.119832	198.625000
0.119861	198.725000
0.119920	198.825000
0.119855	198.925000
0.119911	199.025000
0.119946	199.125000
0.119927	199.225000
0.119946	199.325000
0.119975	199.425000
0.120024	199.525000
0.120034	199.625000
0.120063	199.725000
0.120104	199.825000
0.120081	199.925000
0.120101	200.025000
0.120161	200.125000
0.119984	200.225000
0.119509	200.325000
0.119001	200.425000
0.118677	200.525000
0.118487	200.625000
0.118311	200.725000
0.118186	200.825000
0.118158	200.925000
0.118156	201.025000
0.118221	201.125000
0.118141	201.225000
0.118151	201.325000
0.118120	201.425000
0.118096	201.525000
0.118132	201.625000
0.118128	201.725000
0.118139	201.825000
0.118151	201.925000
0.118166	202.025000
0.118187	202.125000
0.118160	202.225000
0.118227	202.325000
0.118273	202.425000
0.118249	202.525000
0.118242	202.626000
0.118283	202.725000
0.118341	202.825000
0.118345	202.925000
0.118310	203.025000
0.118368	203.125000
0.118397	203.225000
0.118433	203.325000
0.118422	203.425000
0.118459	203.525000
0.118467	203.625000
0.118468	203.725000
0.118461	203.825000
0.118494	203.925000
0.118506	204.025000
0.118558	204.125000
0.118560	204.225000
0.118476	204.325000
0.118058	204.425000
0.117555	204.525000
0.117185	204.625000
0.116959	204.725000
0.116782	204.825000
0.116691	204.925000
0.116589	205.025000
0.116573	205.125000
0.116556	205.225000
0.116587	205.325000
0.116632	205.425000
0.116629	205.525000
0.116632	205.625000
0.116663	205.725000
0.116597	205.825000
0.116656	205.925000
0.116705	206.025000
0.116775	206.125000
0.116743	206.225000
0.116700	206.325000
0.116728	206.425000
0.116732	206.525000
0.116762	206.625000
0.116795	206.725000
0.116785	206.825000
0.116816	206.925000
0.116815	207.025000
0.116810	207.125000
0.116872	207.225000
0.116877	207.325000
0.116947	207.426000
0.116948	207.525000
0.116900	207.625000
0.116556	207.725000
0.116025	207.825000
0.115663	207.925000
0.115398	208.025000
0.115232	208.125000
0.115129	208.225000
0.115029	208.325000
0.115025	208.425000
0.114992	208.525000
0.114997	208.625000
0.115027	208.725000
0.115041	208.825000
0.115066	208.925000
0.115025	209.025000
0.115029	209.125000
0.115070	209.225000
0.115093	209.325000
0.115114	209.425000
0.115124	209.525000
0.115108	209.625000
0.115205	209.725000
0.115179	209.825000
0.115181	209.925000
0.115219	210.025000
0.115242	210.125000
0.115263	210.225000
0.115266	210.325000
0.115292	210.425000
0.115336	210.525000
0.115279	210.625000
0.115364	210.725000
0.115336	210.825000
0.115362	210.925000
0.115374	211.025000
0.115385	211.125000
0.115432	211.225000
0.115415	211.325000
0.115441	211.425000
0.115458	211.525000
0.115441	211.625000
0.115471	211.725000
0.115480	211.825000
0.115399	211.925000
0.114965	212.025000
0.114477	212.125000
0.114162	212.225000
0.113943	212.325000
0.113777	212.425000
0.113743	212.525000
0.113654	212.625000
0.113646	212.725000
0.113598	212.825000
0.113603	212.925000
0.113627	213.025000
0.113624	213.125000
0.113705	213.225000
0.113689	213.325000
0.113659	213.426000
0.113691	213.525000
0.113674	213.625000
0.113750	213.725000
0.113777	213.825000
0.113770	213.925000
0.113826	214.025000
0.113768	214.125000
0.113782	214.225000
0.113785	214.325000
0.113794	214.425000
0.113853	214.525000
0.113848	214.625000
0.113897	214.725000
0.113926	214.825000
0.113893	214.925000
0.113905	215.025000
0.113932	215.125000
0.113969	215.225000
0.114047	215.325000
0.114039	215.425000
0.114045	215.525000
0.113932	215.625000
0.113520	215.725000
0.113060	215.825000
0.112689	215.925000
0.112497	216.025000
0.112326	216.125000
0.112287	216.225000
0.112286	216.325000
0.112211	216.425000
0.112186	216.525000
0.112206	216.625000
0.112169	216.725000
0.112218	216.825000
0.112199	216.925000
0.112210	217.025000
0.112214	217.125000
0.112210	217.225000
0.112300	217.325000
0.112275	217.425000
0.112295	217.525000
0.112303	217.625000
0.112306	217.725000
0.112334	217.825000
0.112343	217.925000
0.112342	218.025000
0.112358	218.125000
0.112340	218.225000
0.112400	218.325000
0.112382	218.425000
0.112466	218.525000
0.112526	218.625000
0.112415	218.725000
0.112052	218.825000
0.111531	218.925000
0.111228	219.025000
0.111037	219.125000
0.110864	219.225000
0.110794	219.325000
0.110737	219.425000
0.110741	219.525000
0.110713	219.625000
0.110672	219.725000
0.110680	219.825000
0.110680	219.925000
0.110716	220.025000
0.110765	220.125000
0.110747	220.225000
0.110788	220.325000
0.110775	220.425000
0.110810	220.525000
0.110847	220.625000
0.110835	220.725000
0.110874	220.825000
0.110849	220.925000
0.110875	221.025000
0.110891	221.125000
0.110879	221.225000
0.110903	221.325000
0.110923	221.425000
0.110942	221.525000
0.110978	221.625000
0.110995	221.725000
0.111020	221.825000
0.111023	221.925000
0.110806	222.025000
0.110398	222.125000
0.109998	222.225000
0.109749	222.325000
0.109588	222.425000
0.109427	222.525000
0.109399	222.625000
0.109330	222.725000
0.109357	222.825000
0.109310	222.925000
0.109327	223.025000
0.109320	223.125000
0.109308	223.225000
0.109322	223.325000
0.109319	223.425000
0.109344	223.525000
0.109354	223.625000
0.109355	223.725000
0.109394	223.825000
0.109425	223.925000
0.109387	224.025000
0.109415	224.125000
0.109383	224.225000
0.109407	224.325000
0.109478	224.425000
0.109472	224.525000
0.109549	224.625000
0.109520	224.725000
0.109559	224.825000
0.109584	224.925000
0.109541	225.025000
0.109417	225.125000
0.109002	225.225000
0.108609	225.325000
0.108371	225.425000
0.108166	225.525000
0.108062	225.625000
0.107981	225.725000
0.107932	225.825000
0.107928	225.925000
0.107913	226.025000
0.107909	226.125000
0.107931	226.225000
0.107902	226.325000
0.107920	226.425000
0.107895	226.525000
0.107941	226.625000
0.107961	226.725000
0.107965	226.825000
0.107986	226.925000
0.107979	227.025000
0.108041	227.125000
0.108055	227.225000
0.108029	227.325000
0.108068	227.425000
0.108073	227.525000
0.108105	227.625000
0.108115	227.725000
0.108129	227.825000
0.108158	227.925000
0.108151	228.025000
0.108234	228.125000
0.108232	228.225000
0.108121	228.325000
0.107767	228.425000
0.107333	228.525000
0.107101	228.625000
0.106891	228.725000
0.106701	228.825000
0.106662	228.925000
0.106645	229.025000
0.106590	229.125000
0.106613	229.225000
0.106592	229.325000
0.106636	229.425000
0.106644	229.525000
0.106598	229.625000
0.106655	229.725000
0.106628	229.825000
0.106663	229.925000
0.106677	230.025000
0.106635	230.125000
0.106679	230.225000
0.106643	230.325000
0.106672	230.425000
0.106672	230.525000
0.106717	230.625000
0.106746	230.725000
0.106745	230.825000
0.106731	230.925000
0.106780	231.025000
0.106778	231.125000
0.106832	231.225000
0.106810	231.325000
0.106852	231.425000
0.106843	231.525000
0.106823	231.625000
0.106802	231.726000
0.106444	231.825000
0.106096	231.925000
0.105838	232.025000
0.105626	232.125000
0.105527	232.225000
0.105440	232.325000
0.105419	232.425000
0.105357	232.525000
0.105335	232.625000
0.105381	232.725000
0.105369	232.825000
0.105358	232.925000
0.105361	233.025000
0.105307	233.125000
0.105333	233.225000
0.105298	233.325000
0.105319	233.425000
0.105330	233.525000
0.105341	233.625000
0.105374	233.725000
0.105368	233.825000
0.105369	233.925000
0.105460	234.025000
0.105456	234.125000
0.105469	234.225000
0.105463	234.325000
0.105433	234.425000
0.105493	234.525000
0.105511	234.625000
0.105540	234.725000
0.105574	234.825000
0.105592	234.925000
0.105584	235.025000
0.105526	235.125000
0.105577	235.225000
0.105585	235.325000
0.105537	235.425000
0.105318	235.525000
0.104919	235.625000
0.104581	235.726000
0.104396	235.825000
0.104282	235.925000
0.104239	236.025000
0.104170	236.125000
0.104144	236.225000
0.104148	236.325000
0.104098	236.425000
0.104126	236.525000
0.104113	236.625000
0.104113	236.725000
0.104148	236.825000
0.104146	236.925000
0.104188	237.025000
0.104190	237.125000
0.104172	237.225000
0.104236	237.325000
0.104215	237.425000
0.104224	237.525000
0.104259	237.625000
0.104273	237.725000
0.104354	237.825000
0.104326	237.925000
0.104365	238.025000
0.104357	238.125000
0.104331	238.225000
0.104367	238.326000
0.104286	238.425000
0.104300	238.525000
0.104346	238.625000
0.104322	238.725000
0.104386	238.825000
0.104412	238.925000
0.104429	239.025000
0.104436	239.125000
0.104399	239.225000
0.104395	239.325000
0.104231	239.425000
0.103878	239.525000
0.103575	239.625000
0.103331	239.725000
0.103186	239.825000
0.103055	239.925000
0.103020	240.025000
0.103013	240.125000
0.102934	240.225000
0.103000	240.325000
0.102961	240.425000
0.102987	240.525000
0.102972	240.625000
0.102956	240.725000
0.103012	240.825000
0.102990	240.925000
0.102987	241.025000
0.103027	241.125000
0.103000	241.225000
0.103045	241.325000
0.103051	241.425000
0.103041	241.525000
0.103051	241.625000
0.103047	241.725000
0.103073	241.825000
0.103125	241.925000
0.103126	242.025000
0.103196	242.125000
0.103202	242.225000
0.103197	242.325000
0.103237	242.425000
0.103210	242.525000
0.103154	242.625000
0.103147	242.725000
0.103180	242.826000
0.103198	242.925000
0.103178	243.025000
0.103209	243.125000
0.103242	243.225000
0.103273	243.325000
0.103268	243.425000
0.103299	243.525000
0.103322	243.625000
0.103313	243.725000
0.103256	243.825000
0.103025	243.925000
0.102654	244.025000
0.102400	244.125000
0.102216	244.225000
0.102064	244.325000
0.102031	244.425000
0.101950	244.525000
0.101957	244.625000
0.101886	244.725000
0.101867	244.825000
0.101930	244.925000
0.101863	245.025000
0.101904	245.125000
0.101861	245.225000
0.101894	245.325000
0.101924	245.425000
0.101919	245.525000
0.101912	245.625000
0.101920	245.725000
0.101925	245.825000
0.101962	245.925000
0.101939	246.025000
0.101966	246.125000
0.101973	246.225000
0.101981	246.325000
0.102027	246.425000
0.101988	246.525000
0.102058	246.625000
0.102064	246.725000
0.102053	246.825000
0.102056	246.925000
0.101797	247.025000
0.101427	247.125000
0.101165	247.225000
0.100965	247.325000
0.100872	247.425000
0.100786	247.525000
0.100743	247.625000
0.100740	247.725000
0.100719	247.825000
0.100739	247.925000
0.100722	248.025000
0.100724	248.125000
0.100753	248.225000
0.100720	248.325000
0.100747	248.425000
0.100721	248.525000
0.100732	248.625000
0.100799	248.725000
0.100784	248.825000
0.100772	248.925000
0.100768	249.025000
0.100768	249.125000
0.100784	249.225000
0.100795	249.325000
0.100801	249.425000
0.100801	249.525000
0.100809	249.625000
0.100878	249.725000
0.100795	249.825000
0.100841	249.925000
0.100866	250.025000
0.100872	250.125000
0.100912	250.225000
0.100859	250.325000
0.100612	250.425000
0.100280	250.525000
0.100023	250.625000
0.099935	250.725000
0.099739	250.825000
0.099685	250.926000
0.099650	251.025000
0.099582	251.125000
0.099567	251.225000
0.099567	251.325000
0.099558	251.425000
0.099606	251.525000
0.099594	251.625000
0.099635	251.725000
0.099627	251.825000
0.099646	251.925000
0.099678	252.025000
0.099703	252.125000
0.099704	252.225000
0.099701	252.325000
0.099668	252.425000
0.099663	252.525000
0.099658	252.625000
0.099726	252.725000
0.099687	252.825000
0.099669	252.925000
0.099732	253.025000
0.099644	253.125000
0.099311	253.225000
0.099093	253.325000
0.098863	253.425000
0.098735	253.525000
0.098649	253.625000
0.098546	253.725000
0.098517	253.825000
0.098498	253.925000
0.098478	254.025000
0.098452	254.125000
0.098478	254.225000
0.098516	254.325000
0.098469	254.425000
0.098521	254.526000
0.098508	254.625000
0.098529	254.725000
0.098551	254.825000
0.098522	254.925000
0.098518	255.025000
0.098533	255.125000
0.098548	255.225000
0.098566	255.325000
0.098514	255.425000
0.098564	255.525000
0.098581	255.625000
0.098574	255.725000
0.098587	255.825000
0.098567	255.925000
0.098599	256.025000
0.098608	256.125000
0.098649	256.225000
0.098627	256.325000
0.098579	256.425000
0.098654	256.525000
0.098683	256.625000
0.098663	256.725000
0.098704	256.825000
0.098655	256.925000
0.098703	257.025000
0.098715	257.125000
0.098750	257.225000
0.098811	257.325000
0.098748	257.425000
0.098757	257.525000
0.098815	257.625000
0.098805	257.725000
0.098802	257.825000
0.098773	257.925000
0.098776	258.025000
0.098771	258.125000
0.098767	258.225000
0.098808	258.325000
0.098762	258.426000
0.098763	258.525000
0.098802	258.625000
0.098779	258.725000
0.098804	258.825000
0.098802	258.925000
0.098824	259.025000
0.098892	259.125000
