0.552931	113.218000
0.552745	113.318000
0.552631	113.418000
0.552462	113.518000
0.552331	113.618000
0.552278	113.718000
0.552163	113.818000
0.549438	113.918000
0.536911	114.018000
0.526175	114.118000
0.518774	114.218000
0.513734	114.318000
0.510285	114.418000
0.508046	114.518000
0.506467	114.618000
0.505467	114.718000
0.504831	114.818000
0.504380	114.918000
0.504059	115.018000
0.503828	115.118000
0.503656	115.218000
0.503601	115.318000
0.503446	115.418000
0.503389	115.518000
0.503331	115.618000
0.503229	115.718000
0.503240	115.818000
0.503159	115.918000
0.503129	116.018000
0.503025	116.118000
0.502922	116.219000
0.502912	116.318000
0.502857	116.418000
0.502756	116.518000
0.502692	116.618000
0.502597	116.718000
0.502516	116.818000
0.502453	116.918000
0.502364	117.018000
0.502310	117.118000
0.502333	117.218000
0.499838	117.318000
0.490172	117.418000
0.482296	117.518000
0.476803	117.618000
0.473043	117.718000
0.470445	117.818000
0.468685	117.918000
0.467557	118.018000
0.466744	118.118000
0.466248	118.218000
0.465853	118.318000
0.465554	118.418000
0.465422	118.518000
0.465267	118.618000
0.465207	118.718000
0.465163	118.818000
0.465083	118.918000
0.465032	119.018000
0.464956	119.118000
0.464887	119.218000
0.464894	119.318000
0.464768	119.418000
0.464779	119.518000
0.464751	119.618000
0.464696	119.718000
0.464673	119.818000
0.464583	119.918000
0.464568	120.018000
0.464483	120.118000
0.464420	120.218000
0.464385	120.318000
0.464348	120.418000
0.464263	120.518000
0.464230	120.618000
0.464144	120.718000
0.463801	120.818000
0.457199	120.918000
0.450241	121.018000
0.445413	121.118000
0.442011	121.218000
0.439594	121.318000
0.437981	121.418000
0.436921	121.518000
0.436149	121.618000
0.435695	121.718000
0.435400	121.818000
0.435169	121.918000
0.435009	122.018000
0.434867	122.118000
0.434789	122.218000
0.434727	122.318000
0.434673	122.418000
0.434679	122.518000
0.434634	122.618000
0.434591	122.718000
0.434599	122.818000
0.434539	122.918000
0.434446	123.018000
0.434390	123.118000
0.434337	123.218000
0.434365	123.318000
0.434378	123.418000
0.434347	123.518000
0.434281	123.618000
0.434174	123.718000
0.434197	123.818000
0.434155	123.918000
0.434067	124.018000
0.434080	124.118000
0.434019	124.218000
0.433969	124.318000
0.433986	124.418000
0.433930	124.518000
0.433903	124.618000
0.433844	124.718000
0.433733	124.818000
0.433829	124.918000
0.431316	125.018000
0.424919	125.118000
0.420291	125.218000
0.416915	125.318000
0.414615	125.418000
0.413005	125.518000
0.411880	125.618000
0.411180	125.718000
0.410682	125.818000
0.410244	125.918000
0.410066	126.018000
0.409917	126.118000
0.409832	126.218000
0.409756	126.318000
0.409686	126.418000
0.409695	126.518000
0.409631	126.618000
0.409578	126.718000
0.409550	126.818000
0.409505	126.918000
0.409496	127.018000
0.409489	127.118000
0.409447	127.218000
0.409430	127.318000
0.409417	127.418000
0.409326	127.518000
0.409335	127.618000
0.409306	127.718000
0.409287	127.818000
0.409237	127.918000
0.409188	128.018000
0.409235	128.118000
0.409232	128.218000
0.409208	128.318000
0.409131	128.418000
0.409127	128.518000
0.408134	128.618000
0.402536	128.718000
0.398335	128.818000
0.395430	128.918000
0.393332	129.018000
0.391976	129.118000
0.390992	129.218000
0.390280	129.318000
0.389838	129.418000
0.389535	129.518000
0.389283	129.618000
0.389191	129.718000
0.389046	129.818000
0.388988	129.918000
0.389001	130.018000
0.388962	130.118000
0.388914	130.218000
0.388885	130.318000
0.388810	130.418000
0.388829	130.518000
0.388791	130.618000
0.388748	130.718000
0.388787	130.818000
0.388754	130.918000
0.388768	131.018000
0.388794	131.118000
0.388680	131.218000
0.388695	131.318000
0.388672	131.418000
0.388647	131.518000
0.388681	131.618000
0.388656	131.718000
0.388634	131.818000
0.388629	131.918000
0.388560	132.018000
0.388610	132.118000
0.388622	132.218000
0.384607	132.318000
0.380332	132.418000
0.377547	132.518000
0.375605	132.618000
0.374272	132.718000
0.373348	132.818000
0.372667	132.918000
0.372191	133.018000
0.371880	133.118000
0.371723	133.218000
0.371613	133.318000
0.371564	133.418000
0.371505	133.518000
0.371445	133.618000
0.371414	133.718000
0.371393	133.818000
0.371387	133.918000
0.371403	134.018000
0.371324	134.118000
0.371356	134.218000
0.371383	134.318000
0.371280	134.418000
0.371276	134.518000
0.371273	134.618000
0.371228	134.718000
0.371305	134.818000
0.371256	134.918000
0.371226	135.018000
0.371172	135.118000
0.371125	135.218000
0.371083	135.318000
0.371076	135.418000
0.371065	135.518000
0.371107	135.618000
0.371062	135.718000
0.371049	135.818000
0.371094	135.918000
0.369835	136.018000
0.365195	136.118000
0.362348	136.218000
0.360426	136.318000
0.359155	136.418000
0.358241	136.518000
0.357606	136.618000
0.357155	136.718000
0.356835	136.818000
0.356601	136.918000
0.356471	137.018000
0.356418	137.118000
0.356398	137.218000
0.356258	137.318000
0.356246	137.418000
0.356238	137.518000
0.356184	137.618000
0.356225	137.718000
0.356204	137.818000
0.356154	137.918000
0.356177	138.018000
0.356142	138.118000
0.356107	138.218000
0.356155	138.318000
0.356033	138.418000
0.356072	138.518000
0.356060	138.618000
0.356019	138.718000
0.356064	138.818000
0.356077	138.918000
0.356086	139.018000
0.356040	139.118000
0.356013	139.218000
0.356003	139.318000
0.355997	139.418000
0.355938	139.518000
0.356036	139.618000
0.354747	139.718000
0.350289	139.818000
0.347799	139.918000
0.346339	140.018000
0.345406	140.118000
0.344682	140.218000
0.344154	140.318000
0.343860	140.418000
0.343634	140.518000
0.343479	140.618000
0.343420	140.718000
0.343277	140.818000
0.343242	140.918000
0.343186	141.018000
0.343139	141.118000
0.343196	141.218000
0.343138	141.318000
0.343111	141.418000
0.343126	141.518000
0.343124	141.618000
0.343080	141.718000
0.343094	141.818000
0.343040	141.918000
0.343078	142.018000
0.343074	142.118000
0.343014	142.218000
0.343025	142.318000
0.342985	142.418000
0.342966	142.518000
0.342993	142.618000
0.342945	142.718000
0.342942	142.818000
0.342948	142.918000
0.342929	143.018000
0.342997	143.118000
0.342922	143.218000
0.342948	143.318000
0.342960	143.418000
0.342262	143.518000
0.337663	143.618000
0.334994	143.718000
0.333843	143.818000
0.333197	143.918000
0.332698	144.018000
0.332406	144.118000
0.332179	144.218000
0.331982	144.318000
0.331950	144.418000
0.331847	144.518000
0.331786	144.618000
0.331795	144.718000
0.331757	144.818000
0.331719	144.918000
0.331741	145.018000
0.331716	145.118000
0.331732	145.218000
0.331707	145.318000
0.331691	145.418000
0.331749	145.518000
0.331722	145.618000
0.331698	145.718000
0.331690	145.818000
0.331633	145.918000
0.331667	146.018000
0.331657	146.118000
0.331665	146.218000
0.331688	146.318000
0.331644	146.418000
0.331645	146.518000
0.331651	146.618000
0.331583	146.718000
0.331627	146.818000
0.331636	146.918000
0.331610	147.018000
0.331610	147.118000
0.331622	147.218000
0.327706	147.318000
0.323550	147.418000
0.322331	147.518000
0.322070	147.618000
0.321934	147.718000
0.321873	147.818000
0.321877	147.918000
0.321823	148.018000
0.321810	148.118000
0.321805	148.218000
0.321758	148.318000
0.321780	148.418000
0.321808	148.518000
0.321812	148.618000
0.321856	148.718000
0.321817	148.818000
0.321810	148.918000
0.321832	149.018000
0.321793	149.118000
0.321802	149.218000
0.321792	149.318000
0.321803	149.418000
0.321799	149.518000
0.321809	149.618000
0.321756	149.718000
0.321770	149.818000
0.321737	149.918000
0.321714	150.018000
0.321692	150.118000
0.321747	150.218000
0.321800	150.318000
0.321773	150.418000
0.321727	150.518000
0.321721	150.618000
0.321693	150.718000
0.321728	150.818000
0.321765	150.918000
0.320639	151.018000
0.314436	151.118000
0.311732	151.218000
0.311379	151.318000
0.311560	151.418000
0.311879	151.518000
0.312281	151.618000
0.312614	151.718000
0.312816	151.818000
0.313015	151.918000
0.313094	152.018000
0.313164	152.118000
0.313248	152.218000
0.313238	152.318000
0.313266	152.418000
0.313327	152.518000
0.313334	152.618000
0.313391	152.718000
0.313364	152.818000
0.313366	152.918000
0.313404	153.018000
0.313391	153.118000
0.313370	153.218000
0.313355	153.318000
0.313377	153.418000
0.313415	153.518000
0.313400	153.618000
0.313369	153.718000
0.313412	153.818000
0.313370	153.918000
0.313380	154.018000
0.313427	154.118000
0.313344	154.218000
0.313348	154.318000
0.313360	154.418000
0.313345	154.518000
0.313381	154.618000
0.313365	154.718000
0.298674	154.818000
0.273740	154.918000
0.264177	155.018000
0.264282	155.118000
0.268387	155.218000
0.273651	155.318000
0.278956	155.418000
0.283474	155.518000
0.287106	155.618000
0.289909	155.718000
0.291990	155.818000
0.293624	155.918000
0.294848	156.018000
0.295770	156.118000
0.296524	156.218000
0.297076	156.318000
0.297542	156.418000
0.297917	156.518000
0.298185	156.618000
0.298473	156.718000
0.298690	156.818000
0.298837	156.918000
0.299039	157.018000
0.299163	157.118000
0.299303	157.218000
0.299463	157.318000
0.299568	157.418000
0.299706	157.518000
0.299776	157.618000
0.299844	157.718000
0.299989	157.818000
0.300066	157.918000
0.300162	158.018000
0.300264	158.118000
0.300292	158.218000
0.300399	158.318000
0.300492	158.418000
0.297266	158.518000
0.262987	158.618000
0.233459	158.718000
0.224979	158.818000
0.227652	158.918000
0.234845	159.018000
0.243284	159.118000
0.251284	159.218000
0.258189	159.318000
0.263929	159.418000
0.268377	159.518000
0.271720	159.618000
0.274334	159.718000
0.276265	159.818000
0.277799	159.918000
0.278990	160.018000
0.279944	160.118000
0.280803	160.218000
0.281469	160.318000
0.282041	160.418000
0.282539	160.518000
0.282962	160.618000
0.283399	160.718000
0.283755	160.818000
0.284093	160.918000
0.284423	161.018000
0.284663	161.118000
0.284888	161.218000
0.285094	161.318000
0.285255	161.418000
0.285519	161.518000
0.285653	161.618000
0.285749	161.718000
0.285992	161.818000
0.286146	161.918000
0.286226	162.018000
0.286378	162.118000
0.286410	162.218000
0.285034	162.318000
0.257199	162.418000
0.227474	162.518000
0.217342	162.618000
0.218641	162.718000
0.225070	162.818000
0.233117	162.918000
0.240978	163.018000
0.247880	163.118000
0.253462	163.218000
0.257746	163.318000
0.261019	163.418000
0.263418	163.518000
0.265196	163.618000
0.266553	163.718000
0.267594	163.818000
0.268462	163.918000
0.269109	164.018000
0.269574	164.118000
0.270060	164.218000
0.270412	164.318000
0.270715	164.418000
0.271016	164.518000
0.271206	164.618000
0.271406	164.718000
0.271620	164.818000
0.271783	164.918000
0.271914	165.018000
0.272018	165.118000
0.272117	165.218000
0.272281	165.318000
0.272360	165.418000
0.272470	165.518000
0.272567	165.618000
0.272635	165.718000
0.272760	165.818000
0.272803	165.918000
0.263659	166.018000
0.230100	166.118000
0.210563	166.218000
0.206445	166.318000
0.210237	166.418000
0.217306	166.518000
0.225193	166.618000
0.232466	166.718000
0.238596	166.818000
0.243512	166.918000
0.247120	167.018000
0.249797	167.118000
0.251819	167.218000
0.253302	167.318000
0.254441	167.418000
0.255337	167.518000
0.256003	167.618000
0.256527	167.718000
0.256902	167.818000
0.257225	167.918000
0.257552	168.018000
0.257745	168.118000
0.258022	168.218000
0.258167	168.318000
0.258295	168.418000
0.258488	168.518000
0.258573	168.618000
0.258680	168.718000
0.258845	168.818000
0.258894	168.918000
0.259001	169.018000
0.259106	169.118000
0.259138	169.218000
0.259214	169.318000
0.259254	169.418000
0.259300	169.518000
0.259361	169.618000
0.259395	169.718000
0.253731	169.818000
0.223370	169.918000
0.202752	170.018000
0.197383	170.118000
0.200263	170.218000
0.206578	170.318000
0.213841	170.418000
0.220763	170.518000
0.226742	170.618000
0.231473	170.718000
0.235103	170.818000
0.237768	170.918000
0.239729	171.018000
0.241177	171.118000
0.242291	171.218000
0.243068	171.318000
0.243760	171.418000
0.244268	171.518000
0.244612	171.618000
0.244959	171.718000
0.245159	171.818000
0.245360	171.918000
0.245581	172.018000
0.245744	172.118000
0.245902	172.218000
0.245929	172.318000
0.246054	172.418000
0.246236	172.518000
0.246245	172.618000
0.243224	172.718000
0.217004	172.818000
0.195111	172.918000
0.188646	173.018000
0.190800	173.118000
0.196629	173.218000
0.203588	173.318000
0.210121	173.418000
0.215830	173.518000
0.220450	173.618000
0.223928	173.718000
0.226602	173.818000
0.228523	173.918000
0.229878	174.018000
0.230936	174.118000
0.231726	174.218000
0.232276	174.318000
0.232786	174.418000
0.233102	174.518000
0.233441	174.618000
0.233686	174.718000
0.233861	174.818000
0.234056	174.918000
0.234193	175.018000
0.234319	175.118000
0.234457	175.218000
0.234482	175.318000
0.223375	175.418000
0.196542	175.518000
0.182838	175.618000
0.180893	175.718000
0.184782	175.818000
0.190982	175.918000
0.197627	176.018000
0.203548	176.118000
0.208428	176.218000
0.212335	176.318000
0.215280	176.418000
0.217445	176.518000
0.218991	176.618000
0.220103	176.718000
0.220937	176.818000
0.221554	176.918000
0.222045	177.018000
0.222426	177.118000
0.222721	177.218000
0.223034	177.318000
0.223218	177.418000
0.223361	177.518000
0.223579	177.618000
0.223651	177.718000
0.223778	177.818000
0.223864	177.918000
0.223926	178.018000
0.224055	178.118000
0.222755	178.218000
0.202476	178.318000
0.181606	178.418000
0.174160	178.518000
0.175008	178.618000
0.179753	178.718000
0.185717	178.818000
0.191758	178.918000
0.197032	179.018000
0.201275	179.118000
0.204623	179.218000
0.206985	179.318000
0.208739	179.418000
0.210085	179.518000
0.211004	179.618000
0.211719	179.718000
0.212262	179.818000
0.212725	179.918000
0.213053	180.018000
0.213319	180.118000
0.213513	180.218000
0.213677	180.318000
0.213800	180.418000
0.213992	180.518000
0.214076	180.618000
0.214141	180.718000
0.214268	180.818000
0.214312	180.918000
0.214373	181.018000
0.214455	181.118000
0.214489	181.218000
0.214544	181.318000
0.214601	181.418000
0.214668	181.518000
0.214708	181.618000
0.214748	181.718000
0.214778	181.818000
0.214809	181.918000
0.214801	182.018000
0.214810	182.118000
0.214835	182.218000
0.214865	182.318000
0.214920	182.418000
0.214906	182.518000
0.214890	182.618000
0.212817	182.718000
0.192383	182.818000
0.174425	182.918000
0.168692	183.018000
0.169948	183.118000
0.174374	183.218000
0.179774	183.318000
0.185065	183.418000
0.189688	183.518000
0.193458	183.618000
0.196490	183.718000
0.198775	183.818000
0.200424	183.918000
0.201646	184.018000
0.202514	184.118000
0.203203	184.218000
0.203670	184.318000
0.204037	184.418000
0.204391	184.518000
0.204653	184.618000
0.204823	184.718000
0.204992	184.818000
0.205108	184.918000
0.205209	185.018000
0.205305	185.118000
0.205313	185.218000
0.205355	185.318000
0.205437	185.418000
0.205494	185.518000
0.205593	185.618000
0.205610	185.718000
0.205642	185.818000
0.205677	185.918000
0.205721	186.018000
0.205741	186.118000
0.205771	186.218000
0.205781	186.318000
0.205838	186.418000
0.205859	186.518000
0.203657	186.618000
0.184383	186.718000
0.167949	186.818000
0.162641	186.918000
0.163918	187.018000
0.168112	187.118000
0.173294	187.218000
0.178299	187.318000
0.182673	187.418000
0.186284	187.518000
0.189052	187.618000
0.191171	187.718000
0.192688	187.818000
0.193769	187.918000
0.194633	188.018000
0.195238	188.118000
0.195662	188.218000
0.196031	188.318000
0.196283	188.418000
0.196502	188.518000
0.196689	188.618000
0.196804	188.718000
0.196957	188.818000
0.197075	188.918000
0.197143	189.018000
0.197237	189.118000
0.197292	189.218000
0.197381	189.318000
0.197449	189.418000
0.197422	189.518000
0.197509	189.618000
0.197582	189.718000
0.197603	189.818000
0.197693	189.918000
0.197716	190.018000
0.197743	190.118000
0.197785	190.218000
0.197740	190.318000
0.195654	190.418000
0.177707	190.518000
0.162232	190.618000
0.157270	190.718000
0.158344	190.818000
0.162349	190.918000
0.167162	191.018000
0.171803	191.118000
0.175962	191.218000
0.179387	191.318000
0.182027	191.418000
0.184044	191.518000
0.185456	191.618000
0.186521	191.718000
0.187312	191.818000
0.187840	191.918000
0.188277	192.018000
0.188670	192.118000
0.188885	192.218000
0.189135	192.318000
0.189341	192.418000
0.189484	192.518000
0.189578	192.618000
0.189655	192.718000
0.189753	192.818000
0.189813	192.918000
0.189840	193.018000
0.189920	193.118000
0.189947	193.218000
0.190055	193.318000
0.190084	193.418000
0.190073	193.518000
0.190158	193.618000
0.190212	193.718000
0.190215	193.818000
0.190227	193.918000
0.190260	194.018000
0.189934	194.118000
0.177318	194.218000
0.160151	194.318000
0.152933	194.418000
0.152745	194.518000
0.155827	194.618000
0.160322	194.718000
0.164811	194.818000
0.168876	194.918000
0.172309	195.018000
0.174959	195.118000
0.177030	195.218000
0.178561	195.318000
0.179620	195.418000
0.180439	195.518000
0.181101	195.618000
0.181532	195.718000
0.181823	195.818000
0.182082	195.918000
0.182270	196.018000
0.182459	196.118000
0.182582	196.218000
0.182693	196.318000
0.182784	196.418000
0.182860	196.518000
0.182973	196.618000
0.183047	196.718000
0.183120	196.818000
0.183180	196.918000
0.183186	197.018000
0.183253	197.118000
0.183264	197.218000
0.183289	197.318000
0.183375	197.418000
0.183372	197.518000
0.183395	197.618000
0.183475	197.718000
0.183446	197.818000
0.183495	197.918000
0.180480	198.018000
0.163661	198.118000
0.151421	198.218000
0.147882	198.318000
0.149342	198.418000
0.153047	198.518000
0.157274	198.618000
0.161369	198.718000
0.164917	198.818000
0.167792	198.918000
0.170050	199.018000
0.171709	199.118000
0.172982	199.218000
0.173944	199.318000
0.174536	199.418000
0.175040	199.518000
0.175448	199.618000
0.175704	199.718000
0.175939	199.818000
0.176103	199.918000
0.176305	200.018000
0.176479	200.118000
0.176517	200.218000
0.176597	200.318000
0.176658	200.418000
0.176675	200.518000
0.176794	200.618000
0.176762	200.718000
0.176837	200.818000
0.176929	200.918000
0.176966	201.018000
0.176979	201.118000
0.177019	201.218000
0.177024	201.318000
0.177061	201.418000
0.177071	201.518000
0.177134	201.618000
0.177192	201.718000
0.177195	201.818000
0.177185	201.918000
0.177217	202.018000
0.176971	202.118000
0.166468	202.218000
0.151209	202.318000
0.144585	202.418000
0.144230	202.518000
0.146984	202.618000
0.150898	202.718000
0.154891	202.818000
0.158478	202.918000
0.161485	203.018000
0.163818	203.118000
0.165653	203.218000
0.167050	203.318000
0.167968	203.418000
0.168624	203.518000
0.169130	203.618000
0.169498	203.718000
0.169839	203.818000
0.170083	203.918000
0.170237	204.018000
0.170444	204.118000
0.170539	204.218000
0.170626	204.318000
0.170755	204.418000
0.170818	204.518000
0.170909	204.618000
0.170923	204.718000
0.170977	204.818000
0.171052	204.918000
0.171123	205.018000
0.171153	205.118000
0.171197	205.218000
0.171160	205.318000
0.171174	205.418000
0.171220	205.518000
0.171241	205.618000
0.171329	205.718000
0.171301	205.818000
0.171312	205.918000
0.171382	206.018000
0.171388	206.118000
0.171429	206.218000
0.171408	206.318000
0.167614	206.418000
0.152475	206.518000
0.142773	206.618000
0.140500	206.718000
0.142257	206.818000
0.145537	206.918000
0.149261	207.018000
0.152702	207.118000
0.155650	207.218000
0.158060	207.318000
0.159948	207.418000
0.161390	207.518000
0.162451	207.618000
0.163193	207.718000
0.163750	207.818000
0.164144	207.918000
0.164374	208.018000
0.164655	208.118000
0.164850	208.218000
0.164995	208.318000
0.165150	208.418000
0.165212	208.518000
0.165350	208.618000
0.165457	208.718000
0.165509	208.818000
0.165572	208.918000
0.165601	209.018000
0.165601	209.118000
0.165676	209.218000
0.165693	209.318000
0.165719	209.418000
0.165802	209.518000
0.165828	209.618000
0.165916	209.718000
0.165954	209.818000
0.165882	209.918000
0.165937	210.018000
0.164695	210.118000
0.152269	210.218000
0.141236	210.318000
0.137935	210.418000
0.139041	210.518000
0.141880	210.618000
0.145180	210.718000
0.148366	210.818000
0.151058	210.918000
0.153326	211.018000
0.155142	211.118000
0.156477	211.218000
0.157534	211.318000
0.158299	211.418000
0.158815	211.518000
0.159224	211.618000
0.159482	211.718000
0.159714	211.818000
0.159941	211.918000
0.160044	212.018000
0.160167	212.118000
0.160290	212.218000
0.160341	212.318000
0.160458	212.418000
0.160522	212.518000
0.160589	212.618000
0.160614	212.718000
0.160604	212.818000
0.160672	212.918000
0.160701	213.018000
0.160766	213.118000
0.160828	213.218000
0.160843	213.318000
0.160936	213.418000
0.160944	213.518000
0.160930	213.618000
0.160926	213.718000
0.158975	213.818000
0.146196	213.918000
0.136614	214.018000
0.134143	214.118000
0.135485	214.218000
0.138397	214.318000
0.141603	214.418000
0.144602	214.518000
0.147181	214.618000
0.149284	214.718000
0.150980	214.818000
0.152223	214.918000
0.153181	215.019000
0.153869	215.118000
0.154343	215.218000
0.154710	215.318000
0.155002	215.418000
0.155209	215.518000
0.155395	215.618000
0.155520	215.718000
0.155616	215.818000
0.155741	215.918000
0.155814	216.018000
0.155903	216.118000
0.156037	216.218000
0.156022	216.318000
0.156043	216.418000
0.156033	216.518000
0.156032	216.618000
0.156099	216.718000
0.156089	216.818000
0.156129	216.918000
0.156188	217.018000
0.156206	217.118000
0.156271	217.218000
0.156297	217.318000
0.156274	217.418000
0.156297	217.518000
0.156303	217.618000
0.155669	217.718000
0.145486	217.818000
0.134355	217.918000
0.130086	218.018000
0.130392	218.118000
0.132873	218.218000
0.136134	218.318000
0.139313	218.418000
0.142107	218.518000
0.144437	218.618000
0.146169	218.718000
0.147599	218.818000
0.148621	218.918000
0.149332	219.018000
0.149887	219.118000
0.150267	219.218000
0.150553	219.318000
0.150746	219.418000
0.150906	219.518000
0.151058	219.618000
0.151199	219.718000
0.151333	219.818000
0.151440	219.918000
0.151507	220.018000
0.151570	220.118000
0.151628	220.218000
0.151680	220.318000
0.151730	220.418000
0.151790	220.518000
0.151795	220.618000
0.151817	220.718000
0.151877	220.818000
0.151937	220.918000
0.151962	221.018000
0.151921	221.118000
0.151964	221.218000
0.151987	221.318000
0.151932	221.418000
0.151976	221.518000
0.152071	221.618000
0.152001	221.718000
0.152056	221.818000
0.152041	221.918000
0.152060	222.018000
0.150925	222.118000
0.140101	222.218000
0.130444	222.318000
0.127056	222.418000
0.127595	222.518000
0.130104	222.618000
0.133145	222.718000
0.136135	222.818000
0.138751	222.918000
0.140850	223.018000
0.142547	223.118000
0.143814	223.218000
0.144755	223.318000
0.145440	223.418000
0.145931	223.518000
0.146274	223.618000
0.146564	223.718000
0.146732	223.818000
0.146959	223.918000
0.147083	224.018000
0.147164	224.118000
0.147276	224.218000
0.147356	224.318000
0.147442	224.418000
0.147495	224.518000
0.147535	224.618000
0.147629	224.718000
0.147709	224.818000
0.147687	224.918000
0.147715	225.018000
0.147831	225.118000
0.147815	225.218000
0.147820	225.318000
0.147860	225.418000
0.147883	225.518000
0.147909	225.618000
0.147924	225.718000
0.145573	225.818000
0.134223	225.918000
0.126172	226.018000
0.123890	226.118000
0.124843	226.218000
0.127362	226.318000
0.130356	226.418000
0.133187	226.518000
0.135692	226.618000
0.137670	226.718000
0.139205	226.818000
0.140329	226.918000
0.141141	227.018000
0.141685	227.118000
0.142178	227.218000
0.142527	227.318000
0.142805	227.418000
0.143019	227.518000
0.143173	227.618000
0.143345	227.718000
0.143412	227.818000
0.143530	227.918000
0.143628	228.018000
0.143636	228.118000
0.143712	228.218000
0.143765	228.318000
0.143804	228.418000
0.143848	228.518000
0.143908	228.618000
0.143957	228.718000
0.143969	228.818000
0.144002	228.918000
0.144073	229.018000
0.144056	229.118000
0.144044	229.218000
0.144055	229.318000
0.144079	229.418000
0.144061	229.518000
0.144123	229.618000
0.144112	229.718000
0.144155	229.818000
0.144167	229.918000
0.144207	230.018000
0.144267	230.118000
0.144227	230.218000
0.144215	230.318000
0.144246	230.418000
0.144213	230.518000
0.144254	230.618000
0.144208	230.718000
0.144199	230.818000
0.144209	230.918000
0.144244	231.018000
0.144239	231.118000
0.144269	231.218000
0.144282	231.318000
0.144324	231.418000
0.144308	231.518000
0.144272	231.618000
0.144278	231.718000
0.144204	231.818000
0.144201	231.918000
0.144226	232.018000
0.144217	232.118000
0.144238	232.218000
0.144262	232.318000
0.144245	232.418000
0.144234	232.518000
0.144210	232.618000
0.144203	232.718000
0.144234	232.818000
0.144229	232.918000
0.144235	233.018000
0.144257	233.118000
0.144282	233.218000
0.144263	233.318000
0.144211	233.418000
0.144239	233.518000
0.144301	233.618000
0.144239	233.718000
0.144216	233.818000
0.143973	233.918000
0.136689	234.018000
0.126888	234.118000
0.122632	234.218000
0.122412	234.318000
0.124316	234.418000
0.126880	234.518000
0.129531	234.618000
0.131911	234.718000
0.133817	234.818000
0.135391	234.918000
0.136591	235.018000
0.137472	235.118000
0.138224	235.218000
0.138689	235.318000
0.139052	235.418000
0.139326	235.518000
0.139519	235.618000
0.139675	235.718000
0.139763	235.818000
0.139891	235.918000
0.139968	236.018000
0.140046	236.118000
0.140095	236.218000
0.140138	236.318000
0.140155	236.418000
0.140170	236.518000
0.140217	236.618000
0.140245	236.718000
0.140285	236.818000
0.140289	236.918000
0.140321	237.018000
0.140360	237.118000
0.140347	237.218000
0.140386	237.318000
0.140401	237.418000
0.140332	237.518000
0.140403	237.618000
0.136047	237.718000
0.125636	237.818000
0.119898	237.918000
0.118780	238.018000
0.120204	238.118000
0.122671	238.218000
0.125286	238.318000
0.127766	238.418000
0.129820	238.518000
0.131515	238.618000
0.132853	238.718000
0.133803	238.818000
0.134538	238.918000
0.135051	239.018000
0.135411	239.118000
0.135757	239.218000
0.135945	239.318000
0.136104	239.418000
0.136330	239.518000
0.136344	239.618000
0.136460	239.718000
0.136537	239.818000
0.136585	239.918000
0.136675	240.018000
0.136726	240.118000
0.136739	240.218000
0.136845	240.318000
0.136881	240.418000
0.136928	240.518000
0.136944	240.618000
0.136912	240.718000
0.136920	240.818000
0.136952	240.918000
0.136956	241.018000
0.136704	241.118000
0.129608	241.218000
0.120590	241.318000
0.116816	241.418000
0.116731	241.518000
0.118566	241.618000
0.121057	241.718000
0.123566	241.818000
0.125804	241.918000
0.127627	242.018000
0.129100	242.118000
0.130230	242.218000
0.131056	242.318000
0.131658	242.418000
0.132092	242.518000
0.132369	242.618000
0.132637	242.718000
0.132794	242.818000
0.132934	242.918000
0.133077	243.018000
0.133170	243.118000
0.133332	243.218000
0.133478	243.318000
0.133487	243.418000
0.133591	243.518000
0.133605	243.618000
0.133642	243.718000
0.133685	243.818000
0.133688	243.918000
0.133723	244.018000
0.133735	244.118000
0.133761	244.218000
0.133797	244.318000
0.133820	244.418000
0.133834	244.518000
0.133860	244.618000
0.133865	244.718000
0.129761	244.818000
0.120261	244.918000
0.115057	245.018000
0.114194	245.118000
0.115567	245.218000
0.117796	245.318000
0.120296	245.418000
0.122510	245.518000
0.124431	245.618000
0.125947	245.718000
0.127065	245.818000
0.127965	245.918000
0.128640	246.018000
0.129019	246.118000
0.129443	246.218000
0.129693	246.318000
0.129848	246.418000
0.130004	246.518000
0.130093	246.618000
0.130190	246.718000
0.130303	246.818000
0.130378	246.918000
0.130476	247.018000
0.130555	247.118000
0.130610	247.218000
0.130652	247.318000
0.130641	247.418000
0.130688	247.518000
0.130726	247.618000
0.130772	247.718000
0.130812	247.818000
0.130815	247.918000
0.130871	248.018000
0.130931	248.118000
0.130890	248.218000
0.130927	248.318000
0.130945	248.418000
0.130900	248.518000
0.130944	248.618000
0.130950	248.718000
0.130971	248.818000
0.131012	248.918000
0.131006	249.018000
0.126894	249.118000
0.117883	249.218000
0.113018	249.318000
0.112091	249.418000
0.113338	249.518000
0.115505	249.618000
0.117858	249.718000
0.119977	249.818000
0.121807	249.918000
0.123320	250.018000
0.124393	250.118000
0.125237	250.218000
0.125816	250.318000
0.126295	250.418000
0.126654	250.518000
0.126871	250.618000
0.127080	250.718000
0.127185	250.818000
0.127300	250.918000
0.127465	251.018000
0.127552	251.118000
0.127605	251.218000
0.127689	251.318000
0.127741	251.418000
0.127789	251.518000
0.127830	251.618000
0.127849	251.718000
0.127917	251.819000
0.127888	251.918000
0.127887	252.018000
0.127954	252.118000
0.127970	252.218000
0.128013	252.318000
0.128040	252.418000
0.128060	252.518000
0.128127	252.618000
0.128159	252.718000
0.128118	252.818000
0.128131	252.918000
0.128131	253.018000
0.128172	253.118000
0.128209	253.218000
0.128191	253.318000
0.128215	253.418000
0.128194	253.518000
0.128203	253.618000
0.128261	253.718000
0.128255	253.818000
0.128256	253.918000
0.128308	254.018000
0.128239	254.118000
0.128260	254.218000
0.128258	254.318000
0.128250	254.418000
0.128238	254.518000
0.128243	254.618000
0.127286	254.718000
0.119608	254.818000
0.112832	254.918000
0.110462	255.018000
0.110926	255.118000
0.112655	255.218000
0.114858	255.318000
0.116953	255.418000
0.118808	255.518000
0.120367	255.618000
0.121537	255.718000
0.122474	255.818000
0.123147	255.918000
0.123629	256.018000
0.124011	256.118000
0.124245	256.218000
0.124440	256.318000
0.124569	256.418000
0.124678	256.518000
0.124780	256.618000
0.124882	256.718000
0.124935	256.818000
0.125029	256.918000
0.125093	257.018000
0.125113	257.118000
0.125137	257.218000
0.125176	257.318000
0.125217	257.418000
0.125230	257.518000
0.125234	257.618000
0.125294	257.718000
0.125319	257.818000
0.125331	257.918000
0.125382	258.018000
0.125386	258.118000
0.125428	258.218000
0.125443	258.318000
0.125398	258.418000
0.125429	258.518000
0.125407	258.618000
0.125421	258.718000
0.125461	258.818000
0.125413	258.918000
0.125465	259.018000
0.125474	259.118000
0.125486	259.218000
0.122533	259.318000
0.114309	259.418000
0.109386	259.518000
0.108382	259.618000
0.109396	259.718000
0.111320	259.818000
0.113449	259.918000
0.115429	260.018000
0.117031	260.118000
0.118369	260.218000
0.119405	260.318000
0.120250	260.418000
0.120829	260.518000
0.121205	260.618000
0.121538	260.718000
0.121705	260.818000
0.121883	260.918000
0.122013	261.018000
0.122120	261.118000
0.122254	261.218000
0.122339	261.318000
0.122422	261.418000
0.122494	261.518000
0.122522	261.618000
0.122563	261.718000
0.122589	261.818000
0.122589	261.918000
0.122632	262.018000
0.122683	262.118000
0.122716	262.218000
0.122767	262.318000
0.122743	262.418000
0.122782	262.518000
0.122817	262.618000
0.122759	262.718000
0.122718	262.818000
0.117766	262.918000
0.110221	263.018000
0.106624	263.118000
0.106211	263.218000
0.107548	263.318000
0.109518	263.418000
0.111530	263.518000
0.113405	263.618000
0.114967	263.718000
0.116213	263.818000
0.117215	263.918000
0.117919	264.018000
0.118452	264.118000
0.118806	264.218000
0.119059	264.318000
0.119285	264.418000
0.119454	264.518000
0.119552	264.618000
0.119727	264.718000
0.119790	264.818000
0.119914	264.918000
0.120017	265.018000
0.120019	265.118000
0.120071	265.218000
0.120114	265.318000
0.120118	265.418000
0.120169	265.518000
0.120196	265.618000
0.120272	265.718000
0.120271	265.818000
0.120303	265.918000
0.120317	266.018000
0.120341	266.118000
0.120359	266.218000
0.120380	266.318000
0.120359	266.418000
0.119091	266.518000
0.111859	266.618000
0.106191	266.718000
0.104395	266.818000
0.104930	266.918000
0.106588	267.018000
0.108606	267.118000
0.110511	267.218000
0.112174	267.318000
0.113507	267.418000
0.114510	267.518000
0.115362	267.618000
0.115966	267.718000
0.116357	267.818000
0.116655	267.918000
0.116870	268.018000
0.117049	268.118000
0.117269	268.218000
0.117361	268.318000
0.117461	268.418000
0.117543	268.518000
0.117617	268.618000
0.117707	268.718000
0.117741	268.818000
0.117733	268.918000
0.117843	269.018000
0.117835	269.118000
0.117859	269.218000
0.117939	269.318000
0.117951	269.418000
0.117992	269.518000
0.116982	269.618000
0.110277	269.718000
0.104570	269.818000
0.102478	269.918000
0.102891	270.018000
0.104437	270.118000
0.106429	270.218000
0.108378	270.318000
0.109989	270.418000
0.111299	270.518000
0.112319	270.618000
0.113043	270.718000
0.113645	270.818000
0.114117	270.919000
0.114412	271.018000
0.114690	271.118000
0.114842	271.218000
0.114992	271.318000
0.115126	271.418000
0.115185	271.518000
0.115314	271.618000
0.115382	271.718000
0.115452	271.818000
0.115520	271.918000
0.115660	272.018000
0.115685	272.118000
0.115658	272.218000
0.115668	272.318000
0.115670	272.418000
0.115743	272.518000
0.115747	272.618000
0.115788	272.718000
0.115804	272.818000
0.115819	272.918000
0.113786	273.018000
0.106799	273.118000
0.102167	273.218000
0.100855	273.318000
0.101552	273.418000
0.103219	273.518000
0.105136	273.618000
0.106945	273.718000
0.108491	273.818000
0.109682	273.918000
0.110653	274.018000
0.111365	274.118000
0.111789	274.218000
0.112181	274.318000
0.112496	274.418000
0.112643	274.518000
0.112846	274.618000
0.112999	274.718000
0.113122	274.818000
0.113249	274.918000
0.113300	275.018000
0.113385	275.118000
0.113435	275.218000
0.113538	275.318000
0.113587	275.418000
0.113605	275.518000
0.113664	275.618000
0.113641	275.718000
0.113655	275.818000
0.112476	275.918000
0.106030	276.018000
0.100985	276.118000
0.099302	276.218000
0.099748	276.318000
0.101239	276.418000
0.103133	276.518000
0.104875	276.618000
0.106409	276.718000
0.107581	276.818000
0.108503	276.918000
0.109230	277.018000
0.109817	277.118000
0.110249	277.218000
0.110560	277.318000
0.110711	277.418000
0.110895	277.518000
0.111019	277.618000
0.111112	277.718000
0.111205	277.818000
0.111287	277.918000
0.111341	278.018000
0.111384	278.118000
0.111437	278.218000
0.111521	278.318000
0.111567	278.418000
0.111555	278.518000
0.111532	278.618000
0.107539	278.718000
0.101368	278.818000
0.098273	278.918000
0.097895	279.018000
0.098942	279.118000
0.100648	279.218000
0.102411	279.318000
0.104012	279.418000
0.105254	279.518000
0.106279	279.618000
0.107086	279.718000
0.107655	279.819000
0.108125	279.918000
0.108474	280.018000
0.108709	280.118000
0.108885	280.218000
0.108981	280.318000
0.109100	280.418000
0.109244	280.518000
0.109328	280.618000
0.109386	280.718000
0.109488	280.818000
0.109515	280.918000
0.109553	281.018000
0.109616	281.118000
0.109667	281.218000
0.109719	281.318000
0.109718	281.418000
0.109779	281.518000
0.109784	281.618000
0.109796	281.718000
0.109859	281.818000
0.109908	281.918000
0.109930	282.018000
0.109946	282.118000
0.109955	282.218000
0.109251	282.318000
0.103686	282.418000
0.098627	282.518000
0.096762	282.618000
0.097017	282.718000
0.098305	282.818000
0.099999	282.918000
0.101626	283.018000
0.103028	283.118000
0.104145	283.218000
0.105006	283.318000
0.105687	283.418000
0.106192	283.518000
0.106556	283.618000
0.106900	283.718000
0.107088	283.818000
0.107248	283.918000
0.107385	284.018000
0.107497	284.118000
0.107590	284.218000
0.107700	284.318000
0.107708	284.418000
0.107761	284.518000
0.107768	284.618000
0.107841	284.718000
0.107934	284.818000
0.107950	284.918000
0.107984	285.018000
0.108017	285.118000
0.108020	285.218000
0.108059	285.318000
0.108061	285.418000
0.108041	285.518000
0.108060	285.618000
0.108071	285.718000
0.108120	285.818000
0.108139	285.918000
0.108133	286.018000
0.108215	286.118000
0.106459	286.218000
0.100455	286.318000
0.096458	286.418000
0.095326	286.518000
0.095918	286.618000
0.097325	286.718000
0.098962	286.818000
0.100477	286.918000
0.101781	287.018000
0.102791	287.118000
0.103579	287.218000
0.104191	287.318000
0.104671	287.418000
0.104992	287.518000
0.105237	287.618000
0.105472	287.718000
0.105596	287.818000
0.105672	287.918000
0.105805	288.018000
0.105861	288.118000
0.105978	288.218000
0.106051	288.318000
0.106020	288.418000
0.106113	288.518000
0.106154	288.618000
0.106164	288.718000
0.106249	288.818000
0.106232	288.918000
0.106248	289.018000
0.106354	289.118000
0.106365	289.218000
0.106376	289.318000
0.106355	289.418000
0.105966	289.518000
0.101368	289.618000
0.096234	289.718000
0.094079	289.818000
0.094068	289.918000
0.095199	290.018000
0.096744	290.118000
0.098324	290.218000
0.099622	290.318000
0.100729	290.418000
0.101598	290.518000
0.102302	290.618000
0.102835	290.718000
0.103181	290.818000
0.103468	290.918000
0.103632	291.018000
0.103752	291.118000
0.103899	291.218000
0.104072	291.318000
0.104122	291.418000
0.104234	291.518000
0.104269	291.618000
0.104341	291.718000
0.104394	291.818000
0.104430	291.918000
0.104449	292.018000
0.104463	292.118000
0.104468	292.218000
0.104184	292.318000
0.099554	292.418000
0.094683	292.518000
0.092636	292.618000
0.092631	292.718000
0.093715	292.818000
0.095231	292.918000
0.096707	293.018000
0.098046	293.118000
0.099153	293.218000
0.099993	293.318000
0.100640	293.418000
0.101135	293.518000
0.101563	293.618000
0.101828	293.718000
0.102008	293.818000
0.102153	293.918000
0.102227	294.018000
0.102322	294.118000
0.102475	294.218000
0.102556	294.318000
0.102645	294.418000
0.102692	294.518000
0.102717	294.618000
0.102766	294.718000
0.102817	294.818000
0.102850	294.918000
0.099649	295.018000
0.094328	295.118000
0.091622	295.218000
0.091186	295.318000
0.091965	295.418000
0.093329	295.518000
0.094853	295.618000
0.096225	295.718000
0.097378	295.818000
0.098231	295.918000
0.098911	296.018000
0.099416	296.118000
0.099804	296.218000
0.100133	296.318000
0.100343	296.418000
0.100500	296.518000
0.100649	296.618000
0.100729	296.718000
0.100883	296.818000
0.100987	296.918000
0.101063	297.018000
0.101140	297.118000
0.101200	297.218000
0.101164	297.318000
0.101247	297.418000
0.101247	297.518000
0.101269	297.618000
0.098771	297.718000
0.093524	297.818000
0.090579	297.918000
0.089941	298.018000
0.090651	298.118000
0.092003	298.218000
0.093393	298.318000
0.094727	298.418000
0.095853	298.518000
0.096717	298.618000
0.097454	298.718000
0.098001	298.818000
0.098361	298.918000
0.098649	299.018000
0.098817	299.118000
0.099021	299.218000
0.099162	299.318000
0.099244	299.418000
0.099358	299.518000
0.099425	299.618000
0.099539	299.718000
0.099600	299.818000
0.099625	299.918000
0.099658	300.018000
0.099715	300.118000
0.099750	300.218000
0.099812	300.318000
0.099837	300.418000
0.099852	300.518000
0.099901	300.618000
0.099879	300.718000
0.099891	300.818000
0.099906	300.918000
0.099933	301.018000
0.099954	301.118000
0.099883	301.218000
0.096504	301.318000
0.091770	301.418000
0.089368	301.518000
0.089054	301.618000
0.089940	301.718000
0.091243	301.818000
0.092565	301.918000
0.093833	302.018000
0.094882	302.118000
0.095669	302.218000
0.096272	302.318000
0.096727	302.418000
0.097132	302.518000
0.097365	302.618000
0.097574	302.718000
0.097774	302.818000
0.097856	302.918000
0.098035	303.018000
0.098071	303.118000
0.098152	303.218000
0.098260	303.318000
0.098284	303.418000
0.098323	303.518000
0.098371	303.618000
0.098376	303.718000
0.098445	303.818000
0.095496	303.918000
0.091047	304.018000
0.089299	304.119000
0.089602	304.218000
0.090778	304.318000
0.092085	304.418000
0.093225	304.518000
0.094198	304.618000
0.094881	304.718000
0.095408	304.818000
0.095818	304.918000
0.096090	305.018000
0.096340	305.118000
0.096538	305.218000
0.096644	305.318000
0.096771	305.418000
0.096830	305.518000
0.096895	305.618000
0.096939	305.718000
0.096980	305.818000
0.097056	305.918000
0.097111	306.018000
0.097112	306.118000
0.097149	306.218000
0.097163	306.318000
0.097178	306.418000
0.097227	306.518000
0.097240	306.618000
0.097239	306.718000
0.097265	306.818000
0.097276	306.918000
0.097307	307.018000
0.097314	307.118000
0.097308	307.218000
0.097314	307.318000
0.096672	307.418000
0.092708	307.518000
0.089613	307.618000
0.088751	307.718000
0.089361	307.818000
0.090403	307.918000
0.091517	308.018000
0.092573	308.118000
0.093318	308.218000
0.093945	308.318000
0.094449	308.418000
0.094796	308.518000
0.095085	308.618000
0.095288	308.718000
0.095428	308.818000
0.095586	308.918000
0.095586	309.018000
0.095658	309.118000
0.095761	309.218000
0.095765	309.318000
0.095819	309.418000
0.095840	309.518000
0.095836	309.618000
0.095917	309.718000
0.095956	309.818000
0.095937	309.918000
0.095957	310.018000
0.095960	310.118000
0.096020	310.218000
0.096021	310.318000
0.096048	310.418000
0.096087	310.518000
0.096093	310.618000
0.096108	310.718000
0.096123	310.818000
0.096104	310.918000
0.096128	311.018000
0.096087	311.118000
0.096123	311.218000
0.096133	311.318000
0.096136	311.418000
0.096128	311.518000
0.096153	311.618000
0.096171	311.718000
0.095776	311.818000
0.092164	311.918000
0.088876	312.018000
0.087837	312.118000
0.088200	312.218000
0.089138	312.318000
0.090252	312.418000
0.091258	312.518000
0.092085	312.618000
0.092636	312.718000
0.093110	312.818000
0.093519	312.918000
0.093747	313.018000
0.093935	313.118000
0.094149	313.218000
0.094268	313.318000
0.094373	313.418000
0.094427	313.518000
0.094493	313.618000
0.094553	313.718000
0.094598	313.818000
0.094619	313.918000
0.094691	314.018000
0.094635	314.118000
0.094639	314.218000
0.094673	314.318000
0.094673	314.418000
0.094727	314.518000
0.094763	314.618000
0.094723	314.718000
0.094795	314.818000
0.094822	314.918000
0.094819	315.018000
0.094767	315.118000
0.094760	315.218000
0.094812	315.318000
0.094853	315.418000
0.094869	315.518000
0.094890	315.618000
0.094824	315.718000
0.094849	315.818000
0.094884	315.919000
0.094856	316.018000
0.094866	316.118000
0.094863	316.218000
0.094879	316.318000
0.094910	316.418000
0.094909	316.518000
0.093976	316.618000
0.090082	316.718000
0.087341	316.818000
0.086755	316.918000
0.087359	317.018000
0.088340	317.118000
0.089366	317.218000
0.090316	317.318000
0.091101	317.418000
0.091671	317.518000
0.092103	317.618000
0.092466	317.718000
0.092684	317.818000
0.092838	317.918000
0.093004	318.018000
0.093102	318.118000
0.093193	318.218000
0.093281	318.318000
0.093295	318.418000
0.093349	318.518000
0.093363	318.618000
0.093359	318.718000
0.093418	318.818000
0.093442	318.918000
0.093459	319.018000
0.093503	319.118000
0.093516	319.218000
0.093551	319.318000
0.093570	319.418000
0.093536	319.518000
0.093604	319.618000
0.093612	319.718000
0.093579	319.818000
0.093606	319.918000
0.093559	320.018000
0.093575	320.118000
0.093558	320.218000
0.093563	320.318000
0.093602	320.418000
0.093634	320.518000
0.093684	320.618000
0.093750	320.718000
0.093654	320.818000
0.093686	320.918000
0.093651	321.018000
0.093621	321.118000
0.093680	321.218000
0.093703	321.318000
0.093681	321.418000
0.093688	321.518000
