0.514232	17.022000
0.513798	17.122000
0.513564	17.222000
0.513380	17.322000
0.513213	17.422000
0.513152	17.522000
0.513167	17.622000
0.513064	17.722000
0.513074	17.822000
0.512968	17.922000
0.512884	18.022000
0.512823	18.122000
0.512716	18.222000
0.512698	18.322000
0.512108	18.422000
0.500586	18.522000
0.488451	18.622000
0.481286	18.722000
0.476452	18.822000
0.473079	18.922000
0.470753	19.022000
0.469207	19.122000
0.468136	19.222000
0.467415	19.322000
0.466969	19.422000
0.466600	19.522000
0.466436	19.622000
0.466263	19.722000
0.466182	19.822000
0.466118	19.922000
0.466035	20.022000
0.466047	20.122000
0.466025	20.222000
0.465985	20.322000
0.465985	20.422000
0.465915	20.522000
0.465958	20.622000
0.465905	20.722000
0.465881	20.822000
0.465879	20.922000
0.465834	21.022000
0.465860	21.122000
0.465820	21.222000
0.465786	21.322000
0.465813	21.422000
0.465811	21.522000
0.463960	21.622000
0.452455	21.722000
0.444819	21.822000
0.440448	21.922000
0.437398	22.022000
0.435230	22.122000
0.433690	22.222000
0.432615	22.322000
0.431985	22.422000
0.431494	22.522000
0.431239	22.622000
0.431006	22.722000
0.430839	22.822000
0.430798	22.922000
0.430712	23.022000
0.430667	23.122000
0.430636	23.222000
0.430565	23.322000
0.430603	23.422000
0.430530	23.522000
0.430548	23.622000
0.430536	23.722000
0.430497	23.822000
0.430496	23.922000
0.430485	24.022000
0.430465	24.122000
0.430436	24.222000
0.430361	24.322000
0.430402	24.422000
0.430361	24.522000
0.430374	24.622000
0.430444	24.722000
0.430519	24.822000
0.426803	24.922000
0.416694	25.022000
0.411842	25.122000
0.409032	25.222000
0.407010	25.322000
0.405697	25.422000
0.404698	25.522000
0.404039	25.622000
0.403604	25.722000
0.403220	25.822000
0.403032	25.922000
0.402869	26.022000
0.402778	26.122000
0.402704	26.222000
0.402592	26.322000
0.402590	26.422000
0.402532	26.522000
0.402534	26.622000
0.402543	26.722000
0.402481	26.822000
0.402526	26.922000
0.402493	27.022000
0.402473	27.122000
0.402518	27.222000
0.402462	27.322000
0.402449	27.422000
0.402447	27.522000
0.402435	27.622000
0.402444	27.722000
0.402367	27.822000
0.402434	27.922000
0.402334	28.022000
0.402318	28.122000
0.402354	28.222000
0.402332	28.322000
0.402319	28.422000
0.402450	28.522000
0.399344	28.622000
0.389972	28.722000
0.386075	28.822000
0.384233	28.922000
0.382898	29.022000
0.381945	29.122000
0.381301	29.223000
0.380735	29.322000
0.380451	29.422000
0.380235	29.522000
0.380126	29.622000
0.380055	29.722000
0.379918	29.822000
0.379905	29.922000
0.379834	30.022000
0.379793	30.122000
0.379830	30.222000
0.379778	30.322000
0.379805	30.422000
0.379786	30.522000
0.379734	30.622000
0.379770	30.722000
0.379714	30.822000
0.379743	30.922000
0.379730	31.022000
0.379674	31.122000
0.379691	31.222000
0.379654	31.322000
0.379683	31.422000
0.379686	31.522000
0.379615	31.622000
0.379638	31.722000
0.379591	31.822000
0.379637	31.922000
0.379594	32.022000
0.379542	32.122000
0.379560	32.222000
0.379517	32.322000
0.379548	32.422000
0.379559	32.522000
0.379538	32.622000
0.379538	32.722000
0.379483	32.822000
0.379512	32.922000
0.379545	33.022000
0.379451	33.122000
0.379470	33.222000
0.379439	33.322000
0.379310	33.422000
0.371726	33.522000
0.365466	33.622000
0.363832	33.722000
0.362952	33.822000
0.362319	33.922000
0.361884	34.022000
0.361481	34.122000
0.361324	34.222000
0.361132	34.322000
0.360994	34.422000
0.360924	34.522000
0.360854	34.622000
0.360830	34.722000
0.360740	34.822000
0.360749	34.922000
0.360766	35.022000
0.360693	35.122000
0.360741	35.222000
0.360738	35.322000
0.360784	35.422000
0.360773	35.522000
0.360687	35.622000
0.360739	35.722000
0.360722	35.822000
0.360676	35.922000
0.360684	36.022000
0.360668	36.122000
0.360710	36.222000
0.360650	36.322000
0.360641	36.422000
0.360692	36.522000
0.360643	36.622000
0.360646	36.722000
0.360607	36.822000
0.360591	36.922000
0.360640	37.022000
0.360462	37.122000
0.353086	37.222000
0.346837	37.322000
0.345700	37.422000
0.345508	37.522000
0.345352	37.622000
0.345245	37.722000
0.345180	37.822000
0.345049	37.922000
0.345017	38.022000
0.344944	38.122000
0.344997	38.222000
0.344967	38.322000
0.344921	38.422000
0.344937	38.522000
0.344869	38.622000
0.344885	38.722000
0.344856	38.822000
0.344855	38.922000
0.344902	39.022000
0.344840	39.123000
0.344859	39.222000
0.344875	39.322000
0.344845	39.422000
0.344861	39.522000
0.344839	39.622000
0.344816	39.722000
0.344870	39.822000
0.344844	39.922000
0.344862	40.022000
0.344818	40.122000
0.344813	40.222000
0.344878	40.322000
0.344810	40.422000
0.344807	40.522000
0.344706	40.622000
0.344716	40.722000
0.344747	40.822000
0.344732	40.922000
0.344783	41.022000
0.344714	41.122000
0.344726	41.222000
0.344727	41.322000
0.344775	41.422000
0.343325	41.523000
0.333805	41.622000
0.330012	41.722000
0.329799	41.822000
0.330158	41.922000
0.330597	42.022000
0.330875	42.122000
0.331070	42.222000
0.331189	42.322000
0.331249	42.422000
0.331359	42.522000
0.331367	42.622000
0.331387	42.722000
0.331430	42.822000
0.331437	42.922000
0.331454	43.022000
0.331421	43.122000
0.331441	43.222000
0.331452	43.322000
0.331426	43.422000
0.331476	43.522000
0.331435	43.622000
0.331406	43.722000
0.331419	43.822000
0.331380	43.922000
0.331409	44.022000
0.331419	44.122000
0.331405	44.222000
0.331437	44.322000
0.331392	44.422000
0.331395	44.522000
0.331385	44.622000
0.331360	44.722000
0.331365	44.822000
0.331357	44.922000
0.331398	45.022000
0.331349	45.122000
0.331467	45.222000
0.327147	45.322000
0.317262	45.422000
0.315136	45.522000
0.315660	45.622000
0.316599	45.722000
0.317478	45.822000
0.318171	45.922000
0.318757	46.022000
0.319164	46.122000
0.319432	46.222000
0.319669	46.322000
0.319789	46.422000
0.319926	46.522000
0.320001	46.622000
0.320046	46.722000
0.320142	46.822000
0.320086	46.922000
0.320105	47.022000
0.320119	47.122000
0.320108	47.222000
0.320153	47.322000
0.320141	47.422000
0.320138	47.522000
0.320132	47.622000
0.320090	47.722000
0.320135	47.822000
0.320106	47.922000
0.320087	48.022000
0.320099	48.122000
0.320071	48.222000
0.320096	48.322000
0.320100	48.422000
0.320118	48.522000
0.320084	48.622000
0.320066	48.722000
0.320090	48.822000
0.320049	48.922000
0.320059	49.022000
0.320073	49.122000
0.320008	49.222000
0.320073	49.322000
0.320039	49.423000
0.320092	49.522000
0.319365	49.622000
0.307185	49.722000
0.299633	49.822000
0.299018	49.922000
0.299425	50.022000
0.300529	50.122000
0.301979	50.222000
0.303571	50.322000
0.304977	50.422000
0.306159	50.522000
0.307123	50.622000
0.307754	50.722000
0.308322	50.822000
0.308667	50.922000
0.308921	51.022000
0.309206	51.122000
0.309359	51.222000
0.309535	51.322000
0.309600	51.422000
0.309652	51.522000
0.309742	51.622000
0.309781	51.722000
0.309860	51.822000
0.309886	51.922000
0.309908	52.022000
0.309956	52.122000
0.310011	52.222000
0.310054	52.322000
0.310046	52.422000
0.310036	52.522000
0.310114	52.622000
0.310076	52.722000
0.310114	52.822000
0.310126	52.922000
0.310132	53.022000
0.310148	53.122000
0.310154	53.222000
0.310172	53.322000
0.307937	53.422000
0.272979	53.522000
0.232019	53.622000
0.214859	53.722000
0.213507	53.822000
0.219772	53.922000
0.229050	54.022000
0.239037	54.122000
0.248342	54.222000
0.256416	54.322000
0.262979	54.422000
0.268123	54.522000
0.272076	54.622000
0.275002	54.722000
0.277341	54.822000
0.279193	54.922000
0.280607	55.022000
0.281781	55.122000
0.282698	55.222000
0.283579	55.322000
0.284233	55.422000
0.284811	55.522000
0.285319	55.622000
0.285721	55.722000
0.286179	55.822000
0.286577	55.922000
0.286874	56.022000
0.287255	56.122000
0.287551	56.222000
0.287812	56.322000
0.288029	56.422000
0.288275	56.522000
0.288503	56.622000
0.288670	56.722000
0.288896	56.822000
0.289104	56.922000
0.289222	57.022000
0.284804	57.122000
0.247371	57.222000
0.213104	57.322000
0.200023	57.422000
0.200563	57.522000
0.208022	57.622000
0.218164	57.722000
0.228520	57.822000
0.237845	57.922000
0.245422	58.022000
0.251276	58.122000
0.255569	58.222000
0.258821	58.322000
0.261280	58.422000
0.263109	58.522000
0.264637	58.622000
0.265721	58.722000
0.266644	58.822000
0.267418	58.922000
0.267963	59.022000
0.268476	59.122000
0.268892	59.222000
0.269296	59.322000
0.269658	59.422000
0.269930	59.522000
0.270228	59.622000
0.270457	59.722000
0.270653	59.822000
0.270880	59.922000
0.271063	60.022000
0.271281	60.122000
0.271364	60.222000
0.271539	60.322000
0.271708	60.422000
0.271811	60.522000
0.271993	60.622000
0.272125	60.722000
0.272201	60.822000
0.272370	60.922000
0.272392	61.022000
0.272462	61.122000
0.272573	61.222000
0.272657	61.322000
0.272761	61.422000
0.272825	61.522000
0.272926	61.622000
0.273019	61.722000
0.273058	61.822000
0.273170	61.922000
0.273196	62.022000
0.273255	62.122000
0.273327	62.222000
0.273350	62.322000
0.273458	62.422000
0.273467	62.522000
0.273526	62.622000
0.273551	62.722000
0.273582	62.822000
0.273688	62.922000
0.269227	63.022000
0.234601	63.122000
0.203466	63.222000
0.191461	63.322000
0.191778	63.422000
0.198296	63.522000
0.207307	63.622000
0.216558	63.722000
0.224846	63.822000
0.231782	63.922000
0.237159	64.022000
0.241116	64.122000
0.244088	64.222000
0.246269	64.322000
0.247997	64.422000
0.249355	64.522000
0.250388	64.622000
0.251095	64.722000
0.251724	64.822000
0.252285	64.923000
0.252650	65.022000
0.252930	65.122000
0.253221	65.222000
0.253425	65.322000
0.253740	65.422000
0.253862	65.522000
0.254058	65.622000
0.254297	65.722000
0.254412	65.822000
0.254533	65.922000
0.254594	66.022000
0.254721	66.122000
0.254873	66.222000
0.254912	66.322000
0.255071	66.422000
0.255191	66.522000
0.255259	66.622000
0.255372	66.722000
0.255409	66.822000
0.255493	66.922000
0.255616	67.022000
0.255651	67.122000
0.255608	67.222000
0.255756	67.322000
0.255831	67.422000
0.255806	67.522000
0.255844	67.622000
0.255946	67.722000
0.255928	67.822000
0.255957	67.922000
0.255996	68.022000
0.256019	68.122000
0.256090	68.222000
0.256046	68.322000
0.256110	68.422000
0.256170	68.522000
0.256180	68.622000
0.256179	68.722000
0.256178	68.822000
0.256190	68.922000
0.256235	69.022000
0.256244	69.122000
0.256322	69.222000
0.256215	69.322000
0.239367	69.422000
0.204029	69.522000
0.184401	69.622000
0.179631	69.722000
0.183256	69.822000
0.190789	69.922000
0.199584	70.022000
0.207802	70.122000
0.214989	70.222000
0.220716	70.322000
0.225062	70.422000
0.228293	70.522000
0.230666	70.622000
0.232480	70.722000
0.233768	70.822000
0.234843	70.922000
0.235605	71.022000
0.236159	71.122000
0.236681	71.222000
0.237090	71.322000
0.237423	71.422000
0.237657	71.522000
0.237893	71.622000
0.238111	71.722000
0.238239	71.822000
0.238379	71.922000
0.238567	72.022000
0.238668	72.122000
0.238811	72.222000
0.238884	72.322000
0.238998	72.422000
0.239107	72.522000
0.239127	72.622000
0.239217	72.722000
0.239250	72.822000
0.239336	72.922000
0.239491	73.022000
0.239518	73.123000
0.239525	73.222000
0.239581	73.322000
0.239628	73.422000
0.239707	73.522000
0.239689	73.622000
0.239736	73.722000
0.239754	73.822000
0.239755	73.922000
0.237269	74.022000
0.210637	74.122000
0.183113	74.222000
0.171694	74.322000
0.171330	74.422000
0.176819	74.522000
0.184500	74.622000
0.192466	74.722000
0.199602	74.822000
0.205521	74.922000
0.210149	75.022000
0.213609	75.122000
0.216175	75.222000
0.218082	75.322000
0.219474	75.422000
0.220547	75.522000
0.221321	75.622000
0.221921	75.722000
0.222410	75.822000
0.222797	75.922000
0.223148	76.022000
0.223367	76.122000
0.223570	76.222000
0.223793	76.322000
0.223940	76.422000
0.224071	76.522000
0.224191	76.622000
0.224337	76.722000
0.224480	76.822000
0.224517	76.922000
0.224642	77.022000
0.224694	77.122000
0.224732	77.222000
0.224817	77.322000
0.224879	77.422000
0.224958	77.522000
0.224985	77.622000
0.225044	77.722000
0.225157	77.822000
0.225152	77.922000
0.225208	78.022000
0.225225	78.122000
0.225224	78.222000
0.225314	78.322000
0.225267	78.422000
0.225317	78.522000
0.225336	78.622000
0.225339	78.722000
0.225372	78.822000
0.225380	78.922000
0.225454	79.022000
0.225438	79.122000
0.225408	79.222000
0.225450	79.322000
0.225444	79.422000
0.225465	79.522000
0.225478	79.622000
0.225462	79.722000
0.225506	79.822000
0.225502	79.922000
0.225528	80.022000
0.225496	80.122000
0.225472	80.222000
0.225195	80.322000
0.208297	80.422000
0.179935	80.522000
0.165321	80.622000
0.162440	80.722000
0.166154	80.822000
0.172599	80.922000
0.179795	81.022000
0.186614	81.122000
0.192486	81.222000
0.197260	81.322000
0.200758	81.422000
0.203395	81.522000
0.205308	81.622000
0.206632	81.722000
0.207771	81.822000
0.208519	81.922000
0.209147	82.022000
0.209635	82.122000
0.209970	82.222000
0.210345	82.322000
0.210596	82.422000
0.210821	82.522000
0.210990	82.622000
0.211107	82.722000
0.211281	82.822000
0.211363	82.922000
0.211474	83.022000
0.211592	83.122000
0.211636	83.222000
0.211743	83.322000
0.211800	83.422000
0.211840	83.522000
0.211900	83.622000
0.211934	83.722000
0.212000	83.822000
0.212037	83.922000
0.212090	84.022000
0.212174	84.122000
0.212179	84.222000
0.212239	84.322000
0.212239	84.422000
0.212278	84.522000
0.212349	84.622000
0.212318	84.722000
0.212346	84.822000
0.212331	84.922000
0.212379	85.022000
0.212447	85.122000
0.212406	85.222000
0.212426	85.322000
0.212405	85.422000
0.212438	85.522000
0.212476	85.622000
0.212509	85.722000
0.212523	85.822000
0.212490	85.922000
0.212488	86.022000
0.212529	86.122000
0.212535	86.222000
0.212570	86.322000
0.212542	86.422000
0.212489	86.522000
0.212528	86.622000
0.212505	86.722000
0.212533	86.822000
0.212558	86.922000
0.207472	87.022000
0.182264	87.122000
0.162506	87.222000
0.155518	87.322000
0.156568	87.422000
0.161525	87.522000
0.168003	87.622000
0.174476	87.722000
0.180279	87.822000
0.185078	87.922000
0.188753	88.022000
0.191581	88.122000
0.193660	88.222000
0.195204	88.322000
0.196328	88.422000
0.197159	88.522000
0.197754	88.622000
0.198230	88.722000
0.198630	88.822000
0.198984	88.922000
0.199219	89.022000
0.199426	89.122000
0.199568	89.222000
0.199729	89.322000
0.199860	89.422000
0.199947	89.522000
0.200087	89.622000
0.200167	89.722000
0.200262	89.822000
0.200363	89.922000
0.200415	90.022000
0.200518	90.122000
0.200477	90.222000
0.200533	90.322000
0.200593	90.422000
0.200603	90.522000
0.200687	90.622000
0.200689	90.722000
0.200710	90.822000
0.200747	90.922000
0.200793	91.022000
0.200801	91.122000
0.200791	91.222000
0.200829	91.322000
0.200858	91.422000
0.200873	91.522000
0.200951	91.622000
0.200948	91.722000
0.200900	91.822000
0.200923	91.922000
0.200919	92.022000
0.200947	92.122000
0.200962	92.222000
0.200931	92.322000
0.200980	92.422000
0.200980	92.522000
0.190728	92.622000
0.166485	92.722000
0.152016	92.822000
0.148267	92.922000
0.150615	93.022000
0.155882	93.122000
0.162122	93.222000
0.168000	93.322000
0.173180	93.422000
0.177192	93.522000
0.180367	93.622000
0.182733	93.722000
0.184418	93.822000
0.185754	93.922000
0.186657	94.022000
0.187365	94.122000
0.187922	94.222000
0.188299	94.322000
0.188678	94.422000
0.188967	94.522000
0.189170	94.622000
0.189376	94.722000
0.189492	94.822000
0.189647	94.922000
0.189759	95.022000
0.189882	95.122000
0.189971	95.222000
0.190024	95.322000
0.190146	95.422000
0.190157	95.522000
0.190251	95.622000
0.190268	95.722000
0.190275	95.822000
0.190368	95.922000
0.190378	96.022000
0.190403	96.122000
0.190441	96.222000
0.190412	96.322000
0.190480	96.422000
0.190505	96.522000
0.190554	96.622000
0.190596	96.722000
0.190604	96.822000
0.190649	96.923000
0.190623	97.022000
0.190654	97.122000
0.190698	97.222000
0.190676	97.322000
0.190721	97.422000
0.190687	97.522000
0.190723	97.622000
0.190737	97.722000
0.190702	97.822000
0.190717	97.922000
0.190717	98.022000
0.190727	98.122000
0.190788	98.222000
0.190771	98.322000
0.190767	98.422000
0.190806	98.522000
0.190799	98.622000
0.190808	98.722000
0.188160	98.822000
0.168629	98.922000
0.150349	99.022000
0.143153	99.122000
0.143318	99.222000
0.147226	99.322000
0.152635	99.422000
0.158235	99.522000
0.163313	99.622000
0.167556	99.722000
0.170802	99.822000
0.173291	99.922000
0.175115	100.022000
0.176451	100.122000
0.177493	100.222000
0.178204	100.322000
0.178815	100.422000
0.179226	100.522000
0.179543	100.622000
0.179863	100.722000
0.180038	100.822000
0.180274	100.922000
0.180415	101.022000
0.180521	101.122000
0.180683	101.222000
0.180736	101.322000
0.180817	101.422000
0.180939	101.522000
0.180954	101.622000
0.181039	101.722000
0.181055	101.822000
0.181103	101.922000
0.181150	102.022000
0.181165	102.122000
0.181234	102.222000
0.181259	102.322000
0.181286	102.423000
0.181320	102.522000
0.181323	102.622000
0.181390	102.722000
0.181386	102.822000
0.181420	102.922000
0.181450	103.022000
0.181461	103.122000
0.181495	103.222000
0.181484	103.322000
0.181509	103.422000
0.181554	103.522000
0.181532	103.622000
0.181575	103.722000
0.181535	103.822000
0.181550	103.923000
0.181581	104.022000
0.181540	104.122000
0.181597	104.222000
0.181623	104.322000
0.181599	104.422000
0.181624	104.522000
0.181570	104.622000
0.181608	104.722000
0.181600	104.823000
0.181590	104.922000
0.181612	105.022000
0.181580	105.122000
0.181603	105.222000
0.181618	105.322000
0.181617	105.422000
0.181614	105.522000
0.181566	105.622000
0.181612	105.722000
0.181571	105.822000
0.181540	105.922000
0.181584	106.022000
0.181609	106.122000
0.175139	106.222000
0.154959	106.322000
0.142812	106.422000
0.141500	106.522000
0.145038	106.622000
0.149848	106.722000
0.154438	106.822000
0.158494	106.923000
0.161861	107.022000
0.164440	107.122000
0.166460	107.222000
0.167963	107.322000
0.169045	107.422000
0.169874	107.522000
0.170496	107.622000
0.170987	107.722000
0.171324	107.822000
0.171574	107.922000
0.171831	108.022000
0.171996	108.122000
0.172144	108.222000
0.172213	108.322000
0.172303	108.422000
0.172456	108.522000
0.172512	108.622000
0.172567	108.722000
0.172638	108.822000
0.172671	108.922000
0.172766	109.022000
0.172751	109.122000
0.172814	109.222000
0.172901	109.322000
0.172865	109.422000
0.172978	109.522000
0.172992	109.622000
0.172996	109.722000
0.173000	109.822000
0.172982	109.922000
0.173075	110.022000
0.173112	110.122000
0.173104	110.222000
0.173095	110.322000
0.173053	110.422000
0.173130	110.522000
0.173129	110.622000
0.173124	110.722000
0.173131	110.822000
0.173139	110.922000
0.173202	111.022000
0.173143	111.122000
0.173170	111.222000
0.173235	111.322000
0.166810	111.422000
0.149850	111.522000
0.140961	111.622000
0.140230	111.722000
0.143021	111.822000
0.146763	111.922000
0.150529	112.022000
0.153796	112.122000
0.156481	112.222000
0.158587	112.322000
0.160202	112.422000
0.161420	112.522000
0.162360	112.623000
0.162932	112.722000
0.163473	112.822000
0.163863	112.922000
0.164179	113.022000
0.164393	113.122000
0.164597	113.222000
0.164802	113.322000
0.164899	113.422000
0.165006	113.522000
0.165091	113.622000
0.165174	113.722000
0.165263	113.822000
0.165259	113.922000
0.165331	114.022000
0.165357	114.122000
0.165374	114.222000
0.165425	114.322000
0.165452	114.422000
0.165526	114.522000
0.165553	114.622000
0.165591	114.722000
0.165641	114.822000
0.165668	114.922000
0.165686	115.022000
0.165677	115.122000
0.165702	115.222000
0.165722	115.322000
0.165779	115.422000
0.165779	115.522000
0.165766	115.622000
0.165786	115.722000
0.165823	115.822000
0.165792	115.922000
0.165829	116.022000
0.165800	116.122000
0.165818	116.222000
0.165847	116.322000
0.165846	116.422000
0.165888	116.522000
0.165913	116.622000
0.165861	116.722000
0.165901	116.822000
0.165848	116.922000
0.165870	117.022000
0.165868	117.122000
0.158843	117.222000
0.143275	117.322000
0.135816	117.422000
0.135525	117.522000
0.138130	117.622000
0.141548	117.722000
0.145006	117.822000
0.147976	117.922000
0.150449	118.022000
0.152443	118.122000
0.153952	118.222000
0.155112	118.322000
0.155868	118.422000
0.156517	118.522000
0.157032	118.622000
0.157287	118.722000
0.157626	118.822000
0.157839	118.922000
0.158011	119.022000
0.158153	119.122000
0.158250	119.222000
0.158357	119.322000
0.158417	119.422000
0.158511	119.522000
0.158591	119.622000
0.158597	119.722000
0.158666	119.822000
0.158768	119.922000
0.158737	120.022000
0.158784	120.122000
0.158799	120.222000
0.158848	120.322000
0.158849	120.422000
0.158928	120.522000
0.158976	120.622000
0.158961	120.722000
0.159002	120.822000
0.158992	120.922000
0.159032	121.022000
0.159075	121.122000
0.159056	121.222000
0.159075	121.322000
0.159057	121.422000
0.159072	121.522000
0.159108	121.622000
0.159090	121.722000
0.159152	121.822000
0.159150	121.923000
0.159110	122.022000
0.159107	122.122000
0.159099	122.222000
0.159111	122.322000
0.159173	122.422000
0.159179	122.522000
0.159229	122.622000
0.159178	122.722000
0.159137	122.822000
0.159198	122.922000
0.159182	123.022000
0.159188	123.122000
0.159146	123.222000
0.159170	123.322000
0.159189	123.422000
0.159174	123.522000
0.159197	123.622000
0.152321	123.722000
0.137960	123.822000
0.131107	123.922000
0.130734	124.022000
0.133277	124.122000
0.136564	124.222000
0.139821	124.322000
0.142667	124.422000
0.144933	124.522000
0.146816	124.622000
0.148231	124.723000
0.149295	124.822000
0.150055	124.922000
0.150582	125.022000
0.151052	125.122000
0.151354	125.222000
0.151650	125.322000
0.151868	125.422000
0.152031	125.522000
0.152160	125.622000
0.152226	125.722000
0.152314	125.822000
0.152413	125.922000
0.152443	126.022000
0.152531	126.122000
0.152559	126.222000
0.152656	126.322000
0.152715	126.422000
0.152688	126.522000
0.152764	126.622000
0.152803	126.722000
0.152795	126.822000
0.152836	126.922000
0.152797	127.022000
0.152871	127.122000
0.152878	127.222000
0.152907	127.322000
0.152932	127.422000
0.152902	127.522000
0.152973	127.622000
0.152969	127.722000
0.153009	127.822000
0.153022	127.922000
0.152980	128.022000
0.153073	128.122000
0.153053	128.222000
0.153137	128.322000
0.153148	128.422000
0.153102	128.522000
0.153112	128.622000
0.153088	128.722000
0.153080	128.822000
0.153088	128.922000
0.153026	129.022000
0.153051	129.122000
0.153046	129.222000
0.153043	129.322000
0.153123	129.423000
0.153035	129.522000
0.153116	129.622000
0.153180	129.722000
0.153119	129.822000
0.153100	129.922000
0.153086	130.022000
0.153078	130.122000
0.153078	130.222000
0.152278	130.322000
0.141734	130.422000
0.130173	130.522000
0.126401	130.622000
0.127287	130.722000
0.129971	130.822000
0.133127	130.922000
0.136000	131.022000
0.138534	131.123000
0.140523	131.222000
0.142085	131.322000
0.143356	131.422000
0.144201	131.522000
0.144861	131.622000
0.145348	131.722000
0.145714	131.822000
0.146030	131.922000
0.146204	132.022000
0.146358	132.122000
0.146553	132.222000
0.146665	132.322000
0.146751	132.422000
0.146745	132.522000
0.146830	132.622000
0.146927	132.722000
0.146955	132.822000
0.147041	132.922000
0.147075	133.022000
0.147110	133.122000
0.147184	133.222000
0.147160	133.322000
0.147212	133.422000
0.147232	133.522000
0.147244	133.622000
0.147282	133.722000
0.147258	133.822000
0.147337	133.922000
0.147369	134.022000
0.147388	134.122000
0.147402	134.222000
0.147383	134.322000
0.147391	134.422000
0.147396	134.522000
0.147430	134.622000
0.147445	134.722000
0.147395	134.822000
0.147460	134.922000
0.147457	135.022000
0.147467	135.122000
0.147496	135.222000
0.147496	135.322000
0.147526	135.422000
0.147501	135.522000
0.147511	135.622000
0.147505	135.722000
0.147457	135.822000
0.147482	135.922000
0.147482	136.022000
0.147507	136.122000
0.147533	136.222000
0.147524	136.322000
0.147514	136.422000
0.147494	136.522000
0.147497	136.622000
0.147497	136.722000
0.147465	136.822000
0.147511	136.922000
0.147536	137.022000
0.147555	137.122000
0.145854	137.222000
0.134362	137.322000
0.125006	137.422000
0.122499	137.522000
0.123797	137.622000
0.126485	137.722000
0.129366	137.822000
0.132037	137.922000
0.134310	138.022000
0.136090	138.122000
0.137571	138.222000
0.138619	138.322000
0.139358	138.422000
0.139935	138.522000
0.140349	138.622000
0.140746	138.722000
0.141018	138.822000
0.141203	138.922000
0.141355	139.022000
0.141452	139.122000
0.141623	139.222000
0.141659	139.322000
0.141794	139.422000
0.141829	139.522000
0.141866	139.622000
0.141930	139.722000
0.141944	139.822000
0.141966	139.922000
0.142060	140.022000
0.142082	140.122000
0.142132	140.222000
0.142124	140.322000
0.142166	140.422000
0.142173	140.522000
0.142172	140.622000
0.142223	140.722000
0.142243	140.822000
0.142255	140.922000
0.142238	141.022000
0.142208	141.122000
0.142271	141.222000
0.142267	141.322000
0.142293	141.422000
0.142333	141.522000
0.142296	141.622000
0.142359	141.722000
0.142337	141.822000
0.142306	141.922000
0.142336	142.022000
0.142316	142.122000
0.142354	142.222000
0.142330	142.322000
0.142331	142.422000
0.142369	142.522000
0.142387	142.622000
0.142423	142.722000
0.142348	142.822000
0.142373	142.922000
0.142373	143.022000
0.142346	143.122000
0.142398	143.222000
0.142359	143.322000
0.142310	143.422000
0.142353	143.523000
0.142402	143.622000
0.142381	143.722000
0.142394	143.822000
0.142360	143.922000
0.142399	144.022000
0.142396	144.122000
0.142399	144.222000
0.142407	144.322000
0.142425	144.422000
0.142427	144.522000
0.142392	144.622000
0.142384	144.722000
0.142383	144.822000
0.142357	144.922000
0.142407	145.022000
0.142360	145.122000
0.142381	145.222000
0.142429	145.322000
0.139387	145.422000
0.127982	145.522000
0.120621	145.622000
0.119254	145.722000
0.120804	145.822000
0.123321	145.922000
0.126012	146.022000
0.128443	146.122000
0.130445	146.222000
0.132010	146.322000
0.133221	146.422000
0.134241	146.522000
0.134921	146.622000
0.135540	146.722000
0.135920	146.822000
0.136164	146.922000
0.136366	147.022000
0.136540	147.122000
0.136692	147.222000
0.136824	147.322000
0.136926	147.422000
0.137013	147.522000
0.137062	147.622000
0.137131	147.722000
0.137151	147.822000
0.137174	147.923000
0.137234	148.022000
0.137246	148.122000
0.137261	148.222000
0.137355	148.322000
0.137354	148.422000
0.137410	148.522000
0.137441	148.622000
0.137423	148.722000
0.137462	148.822000
0.137416	148.922000
0.137414	149.022000
0.137428	149.122000
0.137486	149.222000
0.137522	149.322000
0.137529	149.422000
0.137562	149.522000
0.137562	149.622000
0.137579	149.722000
0.137612	149.822000
0.137580	149.922000
0.137594	150.022000
0.137562	150.122000
0.137551	150.222000
0.137638	150.322000
0.137657	150.422000
0.137616	150.522000
0.137632	150.622000
0.137611	150.722000
0.137644	150.822000
0.137618	150.922000
0.137651	151.022000
0.137631	151.122000
0.137598	151.222000
0.137642	151.322000
0.137595	151.422000
0.137618	151.522000
0.137668	151.622000
0.137588	151.722000
0.137602	151.822000
0.137592	151.922000
0.137607	152.022000
0.137587	152.122000
0.137582	152.222000
0.137660	152.322000
0.135713	152.422000
0.125355	152.522000
0.117618	152.622000
0.115675	152.722000
0.116835	152.822000
0.119166	152.922000
0.121751	153.022000
0.124116	153.122000
0.126050	153.222000
0.127725	153.322000
0.128937	153.422000
0.129877	153.522000
0.130640	153.622000
0.131144	153.723000
0.131558	153.822000
0.131820	153.922000
0.132050	154.022000
0.132263	154.122000
0.132347	154.222000
0.132482	154.322000
0.132545	154.422000
0.132637	154.522000
0.132750	154.622000
0.132763	154.722000
0.132822	154.822000
0.132844	154.922000
0.132853	155.022000
0.132940	155.122000
0.132953	155.222000
0.133029	155.322000
0.133007	155.422000
0.133020	155.522000
0.133063	155.622000
0.133108	155.722000
0.133167	155.822000
0.133152	155.922000
0.133145	156.022000
0.133140	156.122000
0.133090	156.222000
0.133118	156.322000
0.133166	156.422000
0.133186	156.522000
0.133203	156.622000
0.133169	156.722000
0.133207	156.822000
0.133273	156.922000
0.133248	157.022000
0.133231	157.122000
0.133204	157.222000
0.133224	157.322000
0.133210	157.422000
0.133187	157.522000
0.133227	157.622000
0.133224	157.722000
0.133266	157.822000
0.133239	157.922000
0.133215	158.022000
0.133270	158.122000
0.133281	158.222000
0.133255	158.322000
0.133235	158.422000
0.133254	158.522000
0.133280	158.622000
0.133275	158.722000
0.133341	158.822000
0.133314	158.922000
0.133265	159.022000
0.133321	159.122000
0.133062	159.222000
0.126290	159.322000
0.116779	159.422000
0.112902	159.522000
0.113100	159.622000
0.115029	159.722000
0.117413	159.822000
0.119749	159.922000
0.121727	160.022000
0.123413	160.122000
0.124673	160.222000
0.125747	160.322000
0.126509	160.422000
0.127042	160.522000
0.127528	160.622000
0.127856	160.722000
0.128124	160.822000
0.128262	160.922000
0.128343	161.022000
0.128504	161.122000
0.128566	161.222000
0.128631	161.322000
0.128739	161.422000
0.128731	161.522000
0.128820	161.622000
0.128864	161.722000
0.128849	161.822000
0.128905	161.922000
0.128920	162.022000
0.128953	162.122000
0.128952	162.222000
0.128997	162.322000
0.129038	162.422000
0.129041	162.522000
0.129101	162.622000
0.129089	162.722000
0.129074	162.823000
0.129132	162.922000
0.129128	163.022000
0.129138	163.122000
0.129156	163.222000
0.129142	163.322000
0.129208	163.422000
0.129197	163.522000
0.129225	163.622000
0.129184	163.722000
0.129195	163.822000
0.129232	163.922000
0.129225	164.022000
0.129242	164.122000
0.129244	164.222000
0.129179	164.322000
0.129214	164.422000
0.129201	164.522000
0.129209	164.622000
0.129244	164.722000
0.129270	164.822000
0.129302	164.922000
0.129232	165.022000
0.129259	165.122000
0.129290	165.222000
0.129247	165.322000
0.129260	165.422000
0.129246	165.522000
0.129261	165.622000
0.129296	165.722000
0.129256	165.822000
0.129284	165.922000
0.129280	166.022000
0.129292	166.122000
0.129279	166.222000
0.129241	166.322000
0.129268	166.422000
0.129255	166.522000
0.126758	166.622000
0.117406	166.722000
0.111065	166.822000
0.109655	166.922000
0.110864	167.022000
0.113038	167.122000
0.115331	167.222000
0.117426	167.322000
0.119222	167.422000
0.120634	167.522000
0.121735	167.622000
0.122579	167.722000
0.123161	167.822000
0.123557	167.922000
0.123928	168.022000
0.124183	168.122000
0.124409	168.222000
0.124539	168.322000
0.124640	168.422000
0.124717	168.522000
0.124801	168.622000
0.124900	168.722000
0.124971	168.822000
0.125036	168.922000
0.125074	169.022000
0.125087	169.122000
0.125141	169.222000
0.125176	169.322000
0.125221	169.422000
0.125286	169.522000
0.125236	169.622000
0.125271	169.722000
0.125283	169.822000
0.125357	169.922000
0.125393	170.022000
0.125325	170.122000
0.125331	170.222000
0.125294	170.322000
0.125334	170.422000
0.125411	170.522000
0.125389	170.622000
0.125435	170.722000
0.125434	170.822000
0.125451	170.922000
0.125469	171.022000
0.125438	171.122000
0.125478	171.222000
0.125544	171.322000
0.125474	171.422000
0.125489	171.522000
0.125509	171.623000
0.125566	171.722000
0.125540	171.822000
0.125535	171.922000
0.125545	172.022000
0.125552	172.122000
0.125516	172.222000
0.125477	172.322000
0.125514	172.422000
0.125580	172.522000
0.125512	172.622000
0.125515	172.722000
0.125503	172.822000
0.125498	172.922000
0.125563	173.022000
0.125528	173.122000
0.125516	173.222000
0.125546	173.322000
0.125513	173.422000
0.125533	173.522000
0.125522	173.622000
0.125584	173.722000
0.122922	173.822000
0.113902	173.922000
0.108093	174.022000
0.106885	174.122000
0.108108	174.222000
0.110153	174.322000
0.112358	174.422000
0.114401	174.522000
0.116043	174.622000
0.117369	174.722000
0.118434	174.822000
0.119183	174.922000
0.119831	175.022000
0.120198	175.122000
0.120539	175.222000
0.120800	175.322000
0.120964	175.422000
0.121123	175.522000
0.121235	175.622000
0.121385	175.722000
0.121450	175.822000
0.121478	175.922000
0.121557	176.022000
0.121602	176.122000
0.121658	176.222000
0.121709	176.322000
0.121681	176.422000
0.121754	176.522000
0.121749	176.622000
0.121778	176.722000
0.121779	176.822000
0.121776	176.922000
0.121867	177.022000
0.121832	177.122000
0.121798	177.222000
0.121850	177.322000
0.121841	177.422000
0.121896	177.522000
0.121861	177.622000
0.121903	177.722000
0.121940	177.822000
0.121932	177.922000
0.121937	178.022000
0.121922	178.122000
0.121947	178.222000
0.121962	178.322000
0.121972	178.422000
0.122010	178.523000
0.121984	178.622000
0.121945	178.722000
0.121969	178.822000
0.121991	178.922000
0.122004	179.022000
0.121992	179.122000
0.122027	179.222000
0.122013	179.322000
0.121981	179.422000
0.122008	179.522000
0.122029	179.622000
0.122032	179.722000
0.122066	179.822000
0.122033	179.922000
0.122039	180.022000
0.122036	180.122000
0.122029	180.222000
0.122053	180.322000
0.122060	180.422000
0.122064	180.522000
0.122009	180.622000
0.122005	180.722000
0.122108	180.822000
0.122057	180.922000
0.122068	181.022000
0.122083	181.122000
0.122038	181.222000
0.122089	181.322000
0.122052	181.422000
0.122004	181.522000
0.122024	181.622000
0.122020	181.722000
0.122079	181.822000
0.122042	181.922000
0.122041	182.022000
0.122052	182.122000
0.122028	182.222000
0.118556	182.322000
0.109976	182.422000
0.105159	182.522000
0.104450	182.622000
0.105732	182.722000
0.107784	182.822000
0.109819	182.922000
0.111659	183.022000
0.113210	183.122000
0.114450	183.222000
0.115422	183.322000
0.116125	183.422000
0.116673	183.522000
0.117125	183.622000
0.117368	183.722000
0.117597	183.822000
0.117747	183.922000
0.117877	184.022000
0.118067	184.122000
0.118125	184.222000
0.118187	184.322000
0.118231	184.422000
0.118263	184.522000
0.118354	184.622000
0.118365	184.722000
0.118431	184.822000
0.118401	184.922000
0.118449	185.022000
0.118489	185.122000
0.118477	185.222000
0.118516	185.322000
0.118575	185.422000
0.118547	185.522000
0.118597	185.622000
0.118556	185.722000
0.118612	185.822000
0.118647	185.922000
0.118608	186.022000
0.118628	186.122000
0.118607	186.222000
0.118635	186.322000
0.118632	186.422000
0.118632	186.522000
0.118662	186.622000
0.118696	186.722000
0.118735	186.822000
0.118701	186.922000
0.118681	187.022000
0.118670	187.122000
0.118654	187.222000
0.118684	187.322000
0.118691	187.422000
0.118662	187.522000
0.118728	187.622000
0.118687	187.722000
0.118717	187.822000
0.118748	187.922000
0.118726	188.022000
0.118766	188.122000
0.118727	188.222000
0.118765	188.322000
0.118802	188.422000
0.118796	188.522000
0.118812	188.622000
0.118798	188.722000
0.118817	188.822000
0.118834	188.922000
0.118810	189.022000
0.118740	189.122000
0.118745	189.222000
0.118799	189.322000
0.118829	189.422000
0.118761	189.522000
0.118758	189.622000
0.118725	189.722000
0.118716	189.822000
0.118736	189.922000
0.118736	190.022000
0.118770	190.122000
0.118755	190.222000
0.118745	190.322000
0.118754	190.422000
0.118492	190.522000
0.113083	190.622000
0.105462	190.722000
0.102173	190.822000
0.102174	190.922000
0.103633	191.022000
0.105637	191.122000
0.107596	191.222000
0.109288	191.322000
0.110720	191.422000
0.111821	191.522000
0.112733	191.622000
0.113380	191.722000
0.113839	191.822000
0.114191	191.922000
0.114396	192.022000
0.114635	192.122000
0.114789	192.222000
0.114834	192.322000
0.114983	192.422000
0.115051	192.522000
0.115155	192.622000
0.115207	192.722000
0.115208	192.822000
0.115273	192.922000
0.115295	193.022000
0.115370	193.122000
0.115391	193.222000
0.115381	193.322000
0.115441	193.422000
0.115424	193.522000
0.115462	193.622000
0.115497	193.722000
0.115476	193.822000
0.115536	193.922000
0.115533	194.022000
0.115515	194.122000
0.115549	194.222000
0.115541	194.322000
0.115580	194.422000
0.115545	194.522000
0.115572	194.622000
0.115600	194.722000
0.115606	194.822000
0.115673	194.922000
0.115669	195.022000
0.115654	195.122000
0.115633	195.222000
0.115585	195.322000
0.115642	195.422000
0.115588	195.522000
0.115627	195.622000
0.115651	195.722000
0.115634	195.822000
0.115662	195.922000
0.115693	196.022000
0.115693	196.122000
0.115731	196.222000
0.115686	196.322000
0.115709	196.422000
0.115698	196.522000
0.115690	196.622000
0.115699	196.722000
0.115639	196.822000
0.115698	196.922000
0.115687	197.022000
0.115674	197.122000
0.115695	197.222000
0.115650	197.322000
0.115683	197.422000
0.115632	197.522000
0.115635	197.622000
0.115670	197.722000
0.115669	197.822000
0.115697	197.922000
0.115712	198.022000
0.115720	198.122000
0.115779	198.222000
0.115706	198.322000
0.115758	198.422000
0.112982	198.522000
0.105274	198.622000
0.100507	198.722000
0.099515	198.822000
0.100566	198.922000
0.102342	199.022000
0.104282	199.122000
0.106058	199.222000
0.107503	199.322000
0.108734	199.422000
0.109651	199.522000
0.110330	199.622000
0.110871	199.722000
0.111217	199.822000
0.111494	199.922000
0.111700	200.022000
0.111808	200.122000
0.111961	200.222000
0.112076	200.322000
0.112174	200.422000
0.112265	200.522000
0.112296	200.622000
0.112384	200.722000
0.112408	200.822000
0.112474	200.922000
0.112534	201.022000
0.112466	201.122000
0.112556	201.222000
0.112600	201.322000
0.112577	201.422000
0.112598	201.522000
0.112575	201.622000
0.112623	201.722000
0.112579	201.822000
0.112581	201.922000
0.112684	202.022000
0.112695	202.122000
0.112726	202.222000
0.112740	202.322000
0.112744	202.422000
0.112772	202.522000
0.112754	202.622000
0.112768	202.722000
0.112749	202.822000
0.112748	202.922000
0.112769	203.022000
0.112763	203.122000
0.112769	203.222000
0.112757	203.322000
0.112763	203.422000
0.112775	203.522000
0.112803	203.622000
0.112808	203.722000
0.112809	203.822000
0.112782	203.922000
0.112822	204.022000
0.112804	204.122000
0.112832	204.222000
0.112821	204.323000
0.112777	204.422000
0.112828	204.522000
0.112815	204.622000
0.112842	204.722000
0.112851	204.822000
0.112825	204.922000
0.112854	205.022000
0.112816	205.122000
0.112802	205.222000
0.112819	205.322000
0.112776	205.422000
0.112827	205.522000
0.111736	205.622000
0.104994	205.722000
0.099250	205.822000
0.097376	205.922000
0.097999	206.022000
0.099570	206.122000
0.101415	206.222000
0.103135	206.322000
0.104585	206.422000
0.105825	206.522000
0.106778	206.622000
0.107540	206.722000
0.108085	206.822000
0.108462	206.922000
0.108780	207.022000
0.108970	207.122000
0.109142	207.222000
0.109288	207.322000
0.109393	207.422000
0.109514	207.522000
0.109577	207.622000
0.109628	207.722000
0.109745	207.822000
0.109736	207.922000
0.109799	208.022000
0.109794	208.122000
0.109796	208.222000
0.109866	208.322000
0.109853	208.422000
0.109884	208.522000
0.109925	208.622000
0.109991	208.722000
0.110029	208.822000
0.110030	208.922000
0.110006	209.022000
0.109940	209.122000
0.110010	209.222000
0.110094	209.322000
0.110049	209.422000
0.110084	209.522000
0.110074	209.622000
0.110107	209.722000
0.110091	209.822000
0.110073	209.922000
0.110111	210.022000
0.110088	210.122000
0.110128	210.222000
0.110081	210.322000
0.110078	210.422000
0.110142	210.522000
0.110128	210.622000
0.110079	210.722000
0.110148	210.822000
0.110117	210.922000
0.110142	211.022000
0.110124	211.122000
0.110104	211.222000
0.110136	211.322000
0.110144	211.422000
0.110103	211.522000
0.110124	211.622000
0.110129	211.722000
0.110166	211.822000
0.110136	211.922000
0.110142	212.022000
0.110125	212.122000
0.110142	212.222000
0.110153	212.322000
0.110145	212.422000
0.110174	212.522000
0.110174	212.622000
0.110148	212.722000
0.110130	212.822000
0.110145	212.922000
0.110175	213.022000
0.110151	213.122000
0.110164	213.222000
0.109851	213.322000
0.104700	213.422000
0.098334	213.522000
0.095659	213.622000
0.095701	213.722000
0.097078	213.822000
0.098792	213.922000
0.100541	214.022000
0.102073	214.122000
0.103209	214.222000
0.104188	214.322000
0.104928	214.422000
0.105470	214.522000
0.105943	214.622000
0.106225	214.722000
0.106448	214.822000
0.106604	214.922000
0.106741	215.022000
0.106881	215.122000
0.106940	215.222000
0.107059	215.322000
0.107125	215.422000
0.107150	215.522000
0.107212	215.622000
0.107254	215.722000
0.107304	215.822000
0.107372	215.922000
0.107352	216.022000
0.107400	216.122000
0.107382	216.222000
0.107425	216.322000
0.107438	216.422000
0.107427	216.522000
0.107488	216.622000
0.107456	216.722000
0.107474	216.822000
0.107497	216.922000
0.107513	217.022000
0.107518	217.122000
0.107485	217.222000
0.107542	217.322000
0.107538	217.422000
0.107564	217.522000
0.107583	217.622000
0.107609	217.722000
0.107601	217.822000
0.107575	217.922000
0.107567	218.022000
0.107592	218.122000
0.107538	218.222000
0.107527	218.322000
0.107567	218.422000
0.107574	218.522000
0.107648	218.622000
0.107648	218.722000
0.107659	218.822000
0.107634	218.922000
0.107600	219.022000
0.107621	219.122000
0.107637	219.222000
0.107638	219.322000
0.107678	219.422000
0.107661	219.522000
0.107682	219.622000
0.107573	219.722000
0.107599	219.822000
0.107627	219.922000
0.107622	220.022000
0.107701	220.122000
0.107639	220.222000
0.107604	220.322000
0.107623	220.422000
0.107616	220.522000
0.107660	220.622000
0.107637	220.722000
0.107669	220.822000
0.107684	220.922000
0.107650	221.022000
0.107663	221.122000
0.107654	221.222000
0.107667	221.322000
0.107301	221.422000
0.102164	221.522000
0.096209	221.622000
0.093743	221.722000
0.093810	221.822000
0.095114	221.922000
0.096774	222.022000
0.098430	222.122000
0.099878	222.222000
0.100998	222.322000
0.101955	222.422000
0.102665	222.522000
0.103207	222.622000
0.103627	222.722000
0.103856	222.822000
0.104147	222.922000
0.104292	223.022000
0.104446	223.122000
0.104543	223.222000
0.104594	223.322000
0.104714	223.422000
0.104703	223.522000
0.104784	223.622000
0.104766	223.722000
0.104816	223.822000
0.104901	223.922000
0.104946	224.022000
0.104992	224.122000
0.105035	224.222000
0.105009	224.322000
0.105066	224.422000
0.105061	224.522000
0.105073	224.622000
0.105095	224.722000
0.105103	224.822000
0.105172	224.922000
0.105127	225.022000
0.105103	225.122000
0.105107	225.222000
0.105111	225.322000
0.105191	225.422000
0.105171	225.522000
0.105210	225.622000
0.105213	225.722000
0.105185	225.822000
0.105255	225.922000
0.105166	226.022000
0.105190	226.122000
0.105177	226.222000
0.105188	226.322000
0.105188	226.422000
0.105213	226.522000
0.105212	226.622000
0.105224	226.722000
0.105190	226.822000
0.105231	226.922000
0.105177	227.022000
0.105213	227.122000
0.105252	227.222000
0.105227	227.322000
0.105290	227.422000
0.105236	227.522000
0.105239	227.622000
0.105287	227.722000
0.105257	227.822000
0.105302	227.922000
0.105269	228.022000
0.105225	228.122000
0.105246	228.222000
0.105215	228.322000
0.105260	228.422000
0.105241	228.522000
0.102097	228.622000
0.095802	228.722000
0.092384	228.822000
0.091842	228.922000
0.092798	229.022000
0.094273	229.122000
0.095955	229.222000
0.097370	229.322000
0.098588	229.422000
0.099520	229.522000
0.100247	229.622000
0.100869	229.722000
0.101267	229.822000
0.101572	229.922000
0.101813	230.022000
0.101992	230.122000
0.102176	230.222000
0.102244	230.322000
0.102351	230.422000
0.102411	230.522000
0.102444	230.622000
0.102526	230.722000
0.102571	230.822000
0.102635	230.922000
0.102678	231.022000
0.102635	231.122000
0.102706	231.222000
0.102720	231.322000
0.102752	231.422000
0.102780	231.522000
0.102803	231.622000
0.102920	231.722000
0.102864	231.822000
0.102858	231.922000
0.102882	232.022000
0.102889	232.122000
0.102932	232.222000
0.102899	232.322000
0.102921	232.422000
0.102916	232.522000
0.102890	232.622000
0.102943	232.722000
0.102947	232.822000
0.102941	232.922000
0.102888	233.022000
0.102889	233.122000
0.102974	233.222000
0.103003	233.322000
0.102944	233.422000
0.102946	233.522000
0.102956	233.622000
0.102957	233.722000
0.102931	233.822000
0.102927	233.922000
0.102965	234.022000
0.102969	234.122000
0.102981	234.222000
0.102958	234.322000
0.102960	234.422000
0.102982	234.522000
0.102993	234.622000
0.102969	234.722000
0.103004	234.822000
0.102971	234.922000
0.103009	235.022000
0.103001	235.122000
0.103027	235.222000
0.102994	235.322000
0.103023	235.422000
0.103015	235.522000
0.103049	235.622000
0.103031	235.722000
0.102969	235.822000
0.102981	235.922000
0.103004	236.022000
0.102989	236.122000
0.102189	236.222000
0.096735	236.322000
0.091838	236.422000
0.090156	236.522000
0.090523	236.622000
0.091840	236.722000
0.093352	236.822000
0.094794	236.922000
0.096054	237.022000
0.097121	237.122000
0.097964	237.222000
0.098565	237.322000
0.099028	237.422000
0.099401	237.522000
0.099617	237.622000
0.099837	237.722000
0.099968	237.822000
0.100074	237.922000
0.100201	238.022000
0.100292	238.122000
0.100376	238.222000
0.100427	238.322000
0.100493	238.422000
0.100508	238.522000
0.100521	238.622000
0.100551	238.722000
0.100586	238.822000
0.100558	238.922000
0.100594	239.022000
0.100605	239.122000
0.100640	239.222000
0.100675	239.322000
0.100665	239.422000
0.100711	239.522000
0.100689	239.622000
0.100692	239.722000
0.100735	239.822000
0.100733	239.922000
0.100714	240.022000
0.100743	240.122000
0.100789	240.222000
0.100814	240.322000
0.100784	240.422000
0.100858	240.522000
0.100835	240.622000
0.100810	240.722000
0.100855	240.822000
0.100819	240.922000
0.100817	241.022000
0.100787	241.122000
0.100830	241.222000
0.100856	241.322000
0.100810	241.422000
0.100831	241.522000
0.100891	241.622000
0.100864	241.722000
0.100870	241.822000
0.100797	241.922000
0.100811	242.022000
0.100837	242.122000
0.100854	242.222000
0.100860	242.322000
0.100823	242.422000
0.100829	242.522000
0.100837	242.622000
0.100816	242.722000
0.100864	242.822000
0.100816	242.922000
0.100863	243.022000
0.100869	243.122000
0.100856	243.222000
0.100864	243.322000
0.100836	243.422000
0.100847	243.522000
0.100858	243.622000
0.100851	243.722000
0.100887	243.822000
0.100872	243.922000
0.100898	244.022000
0.100893	244.122000
0.100879	244.222000
0.100946	244.322000
0.100861	244.422000
0.100880	244.522000
0.100869	244.622000
0.100845	244.722000
0.100882	244.822000
0.100849	244.922000
0.100875	245.022000
0.100892	245.122000
0.100889	245.222000
0.100873	245.322000
0.100855	245.422000
0.099791	245.522000
0.094399	245.622000
0.089997	245.722000
0.088613	245.822000
0.089049	245.922000
0.090330	246.022000
0.091825	246.122000
0.093156	246.222000
0.094364	246.322000
0.095275	246.422000
0.096065	246.522000
0.096642	246.622000
0.097040	246.722000
0.097419	246.822000
0.097652	246.922000
0.097817	247.022000
0.097987	247.122000
0.098096	247.222000
0.098213	247.323000
0.098257	247.422000
0.098285	247.522000
0.098372	247.622000
0.098408	247.722000
0.098454	247.822000
0.098451	247.922000
0.098493	248.022000
0.098546	248.122000
0.098516	248.222000
0.098566	248.322000
0.098588	248.422000
0.098632	248.522000
0.098672	248.622000
0.098620	248.722000
0.098650	248.822000
0.098657	248.922000
0.098647	249.022000
0.098676	249.122000
0.098674	249.222000
0.098723	249.322000
0.098716	249.422000
0.098726	249.522000
0.098785	249.622000
0.098739	249.722000
0.098784	249.822000
0.098730	249.922000
0.098725	250.022000
0.098760	250.122000
0.098738	250.222000
0.098739	250.322000
0.098758	250.422000
0.098738	250.522000
0.098768	250.622000
0.098732	250.722000
0.098772	250.822000
0.098809	250.922000
0.098735	251.022000
0.098770	251.122000
0.098761	251.222000
0.098768	251.322000
0.098772	251.422000
0.098759	251.522000
0.098854	251.622000
0.098809	251.722000
0.098766	251.822000
0.098762	251.922000
0.098746	252.022000
0.098790	252.122000
0.098745	252.222000
0.098775	252.322000
0.098759	252.422000
0.098752	252.522000
0.098836	252.622000
0.098856	252.722000
0.098891	252.822000
0.098889	252.922000
0.098793	253.022000
0.098770	253.122000
0.098731	253.222000
0.098798	253.322000
0.098808	253.422000
0.098561	253.522000
0.094624	253.622000
0.089509	253.722000
0.087172	253.822000
0.087109	253.922000
0.088154	254.022000
0.089564	254.122000
0.090925	254.222000
0.092142	254.322000
0.093148	254.422000
0.093921	254.522000
0.094572	254.622000
0.095013	254.722000
0.095357	254.822000
0.095656	254.922000
0.095857	255.022000
0.096044	255.122000
0.096130	255.222000
0.096161	255.322000
0.096300	255.422000
0.096309	255.522000
0.096369	255.622000
0.096435	255.722000
0.096502	255.822000
0.096528	255.922000
0.096510	256.022000
0.096535	256.122000
0.096587	256.222000
0.096577	256.322000
0.096681	256.422000
0.096685	256.522000
0.096711	256.622000
0.096684	256.722000
0.096688	256.822000
0.096742	256.922000
0.096710	257.022000
0.096761	257.122000
0.096762	257.222000
0.096761	257.322000
0.096804	257.422000
0.096794	257.522000
0.096787	257.622000
0.096770	257.722000
0.096742	257.822000
0.096782	257.922000
0.096790	258.022000
0.096874	258.122000
0.096864	258.222000
0.096753	258.322000
0.096811	258.422000
0.096818	258.522000
0.096811	258.622000
0.096850	258.722000
0.096833	258.822000
0.096882	258.922000
0.096849	259.022000
0.096843	259.122000
0.096861	259.222000
0.096848	259.322000
0.096867	259.422000
0.096875	259.523000
0.096929	259.622000
0.096927	259.722000
0.096840	259.822000
0.096859	259.922000
0.096827	260.022000
0.096880	260.122000
0.096877	260.222000
0.096866	260.322000
0.096906	260.422000
0.096884	260.522000
0.096901	260.622000
0.096880	260.722000
0.096874	260.822000
0.096914	260.922000
0.096908	261.022000
0.096928	261.122000
0.096942	261.222000
0.096869	261.322000
0.096894	261.422000
0.096902	261.523000
0.096907	261.622000
0.096920	261.722000
0.096907	261.822000
0.096919	261.922000
0.096919	262.022000
0.096438	262.122000
0.092109	262.222000
0.087497	262.322000
0.085668	262.422000
0.085803	262.523000
0.086855	262.622000
0.088228	262.722000
0.089538	262.822000
0.090718	262.922000
0.091645	263.022000
0.092371	263.122000
0.092949	263.222000
0.093270	263.322000
0.093597	263.422000
0.093803	263.522000
0.094037	263.622000
0.094236	263.722000
0.094221	263.822000
0.094364	263.922000
0.094439	264.022000
0.094502	264.122000
0.094608	264.222000
0.094610	264.322000
0.094662	264.422000
0.094698	264.522000
0.094697	264.622000
0.094748	264.722000
0.094762	264.822000
0.094812	264.922000
0.094820	265.022000
0.094835	265.122000
0.094918	265.222000
0.094906	265.322000
0.094905	265.422000
0.094877	265.522000
0.094844	265.622000
0.094889	265.722000
0.094928	265.822000
0.094926	265.922000
0.094926	266.022000
0.094943	266.122000
0.094957	266.222000
0.094917	266.322000
0.094955	266.422000
0.094973	266.522000
0.094962	266.622000
0.094990	266.722000
0.095023	266.822000
0.095040	266.922000
0.095031	267.022000
0.094968	267.122000
0.094978	267.222000
0.094980	267.322000
0.094989	267.422000
0.095038	267.522000
0.095014	267.622000
0.095046	267.722000
0.094991	267.822000
0.094969	267.922000
0.094971	268.022000
0.094997	268.122000
0.095043	268.222000
0.095000	268.322000
0.095043	268.422000
0.095105	268.522000
0.095048	268.622000
0.095074	268.722000
0.095069	268.822000
0.095047	268.922000
0.095075	269.022000
0.095012	269.122000
0.095071	269.222000
0.095012	269.322000
0.095012	269.422000
0.095013	269.522000
0.094989	269.622000
0.095019	269.722000
0.095025	269.822000
0.095035	269.922000
0.095054	270.022000
0.095035	270.122000
0.095064	270.222000
0.095050	270.322000
0.094001	270.422000
0.089307	270.522000
0.085387	270.622000
0.084162	270.722000
0.084620	270.822000
0.085749	270.922000
0.087060	271.022000
0.088231	271.122000
0.089328	271.222000
0.090168	271.322000
0.090792	271.422000
0.091339	271.522000
0.091722	271.622000
0.091993	271.722000
0.092239	271.822000
0.092361	271.922000
0.092512	272.022000
0.092609	272.122000
0.092720	272.222000
0.092747	272.322000
0.092817	272.422000
0.092868	272.522000
0.092865	272.622000
0.092918	272.722000
0.092967	272.822000
0.092989	272.922000
0.093033	273.022000
0.093011	273.122000
0.093061	273.222000
0.093087	273.322000
0.093061	273.422000
0.093102	273.522000
0.093108	273.622000
0.093130	273.722000
0.093131	273.822000
0.093102	273.922000
0.093184	274.022000
0.093168	274.122000
0.093179	274.223000
0.093186	274.322000
0.093160	274.422000
0.093216	274.522000
0.093195	274.622000
0.093208	274.722000
0.093209	274.822000
0.093188	274.922000
0.093219	275.022000
0.093210	275.122000
0.093179	275.222000
0.093208	275.322000
0.093213	275.422000
0.093227	275.522000
0.093212	275.622000
0.093271	275.722000
0.093283	275.822000
0.093235	275.922000
0.093253	276.022000
0.093266	276.122000
0.093249	276.222000
0.093288	276.322000
0.093287	276.422000
0.093259	276.522000
0.093238	276.622000
0.093287	276.722000
0.093314	276.822000
0.093253	276.922000
0.093265	277.022000
0.093300	277.122000
0.093244	277.222000
0.093261	277.322000
0.093254	277.422000
0.093277	277.522000
0.093286	277.622000
0.093262	277.722000
0.093297	277.822000
0.093269	277.922000
0.093307	278.022000
0.093293	278.122000
0.091418	278.222000
0.086574	278.322000
0.083515	278.422000
0.082864	278.522000
0.083511	278.622000
0.084627	278.722000
0.085934	278.822000
0.087035	278.922000
0.088022	279.022000
0.088790	279.122000
0.089371	279.222000
0.089850	279.322000
0.090158	279.422000
0.090398	279.522000
0.090632	279.622000
0.090737	279.722000
0.090896	279.822000
0.090988	279.922000
0.091087	280.022000
0.091160	280.122000
0.091203	280.222000
0.091254	280.322000
0.091239	280.422000
0.091271	280.522000
0.091359	280.622000
0.091370	280.722000
0.091405	280.822000
0.091390	280.922000
0.091420	281.022000
0.091463	281.122000
0.091453	281.222000
0.091478	281.322000
0.091471	281.422000
0.091521	281.522000
0.091494	281.622000
0.091513	281.722000
0.091531	281.822000
0.091511	281.922000
0.091542	282.022000
0.091566	282.122000
0.091557	282.222000
0.091632	282.322000
0.091608	282.422000
0.091616	282.522000
0.091599	282.622000
0.091572	282.722000
0.091608	282.822000
0.091614	282.922000
0.091629	283.022000
0.091630	283.122000
0.091591	283.222000
0.091619	283.322000
0.091608	283.422000
0.091645	283.522000
0.091628	283.622000
0.091641	283.722000
0.091666	283.822000
0.091679	283.922000
0.091685	284.022000
0.091660	284.122000
0.091639	284.222000
0.091664	284.322000
0.091685	284.422000
0.091686	284.522000
0.091713	284.622000
0.091650	284.722000
0.091671	284.822000
0.091709	284.922000
0.091729	285.022000
0.091674	285.122000
0.091641	285.222000
0.091718	285.322000
0.091704	285.422000
0.091674	285.522000
0.091705	285.622000
0.091696	285.722000
0.091709	285.822000
0.091662	285.922000
0.091653	286.022000
0.091688	286.122000
0.091657	286.222000
0.091668	286.322000
0.091654	286.422000
0.091665	286.522000
0.091699	286.622000
0.091666	286.722000
0.091721	286.822000
0.091694	286.922000
0.091658	287.022000
0.091714	287.122000
0.091706	287.222000
0.091674	287.322000
0.091642	287.422000
0.091626	287.522000
0.091669	287.622000
0.091656	287.722000
0.091640	287.822000
0.091641	287.922000
0.090326	288.022000
0.085784	288.122000
0.082560	288.222000
0.081738	288.322000
0.082262	288.422000
0.083342	288.522000
0.084576	288.622000
0.085638	288.722000
0.086566	288.822000
0.087251	288.922000
0.087827	289.022000
0.088272	289.122000
0.088623	289.222000
0.088937	289.322000
0.089089	289.422000
0.089240	289.522000
0.089371	289.622000
0.089442	289.722000
0.089528	289.822000
0.089555	289.922000
0.089586	290.022000
0.089645	290.122000
0.089659	290.222000
0.089694	290.322000
0.089730	290.422000
0.089739	290.522000
0.089805	290.622000
0.089778	290.722000
0.089829	290.822000
0.089855	290.922000
0.089871	291.022000
0.089934	291.122000
0.089927	291.222000
0.089926	291.322000
0.089920	291.422000
0.089906	291.522000
0.089943	291.622000
0.089904	291.722000
0.089953	291.822000
0.089936	291.922000
0.089949	292.022000
0.090010	292.122000
0.090019	292.222000
0.090049	292.322000
0.090061	292.422000
0.089998	292.522000
0.089958	292.622000
0.089980	292.722000
0.089992	292.822000
0.089997	292.922000
0.089978	293.022000
0.090002	293.122000
0.090012	293.222000
0.090014	293.322000
0.090015	293.422000
0.090050	293.522000
0.090107	293.622000
0.090041	293.722000
0.090017	293.822000
0.090031	293.922000
0.090025	294.022000
0.090051	294.122000
0.090043	294.222000
0.090023	294.322000
0.090022	294.422000
0.090046	294.522000
0.089776	294.622000
0.086172	294.722000
0.082222	294.822000
0.080558	294.922000
0.080639	295.022000
0.081542	295.122000
0.082673	295.222000
0.083881	295.322000
0.084829	295.422000
0.085545	295.522000
0.086190	295.622000
0.086618	295.722000
0.086965	295.822000
0.087254	295.922000
0.087480	296.022000
0.087701	296.122000
0.087799	296.222000
0.087827	296.322000
0.087963	296.422000
0.087993	296.522000
0.088029	296.622000
